EQ_TYPE,SEGMENT,TASK,NEXT_CHANGE,SPEED,PEDESTRIAN,RELEV_VEHICLE,ACTIONS,AGGRESSIVE,FILE_ID,TRACK_ID,TIME,ON_EQ
L1BR|MAXMIN|BOUNDARY,prep-left-turn,S_W,<10-Y/R,LOW  SPEED,PEDESTRIAN,  RL  <EQ  2,acts-1,N,778,108,108.441667,0.010929999999999995
L1BR|MAXMIN|BOUNDARY,prep-left-turn,S_W,<10-Y/R,LOW  SPEED,PEDESTRIAN,  RL  <EQ  2,acts-1,N,778,108,108.441667,0.14223399999999997
L1BR|MAXMIN|BOUNDARY,prep-left-turn,S_W,<10-G,LOW  SPEED,PEDESTRIAN,  RL  <EQ  2,acts-1,N,778,108,108.441667,0.010929999999999995
L1BR|MAXMIN|BOUNDARY,prep-left-turn,S_W,<10-G,LOW  SPEED,PEDESTRIAN,  RL  <EQ  2,acts-1,N,778,108,108.441667,0.14223399999999997
L1BR|MAXMIN|BOUNDARY,prep-left-turn,S_W,>EQ  10-Y/R,LOW  SPEED,PEDESTRIAN,RL  0,acts-1,N,778,41,76.242833,0.003910999999999998
L1BR|MAXMIN|BOUNDARY,prep-left-turn,S_W,>EQ  10-Y/R,LOW  SPEED,PEDESTRIAN,RL  0,acts-1,N,778,41,77.243833,0
L1BR|MAXMIN|BOUNDARY,prep-left-turn,S_W,>EQ  10-Y/R,LOW  SPEED,PEDESTRIAN,RL  0,acts-1,N,778,41,78.244833,0
L1BR|MAXMIN|BOUNDARY,prep-left-turn,S_W,>EQ  10-Y/R,LOW  SPEED,PEDESTRIAN,  RL  <EQ  2,acts-1,Y,778,108,105.438667,0.22043600000000002
L1BR|MAXMIN|BOUNDARY,prep-left-turn,S_W,>EQ  10-Y/R,LOW  SPEED,PEDESTRIAN,  RL  <EQ  2,acts-1,Y,778,108,105.438667,0.15136899999999998
L1BR|MAXMIN|BOUNDARY,prep-left-turn,S_W,>EQ  10-Y/R,LOW  SPEED,PEDESTRIAN,  RL  <EQ  2,acts-1,Y,778,108,106.439667,0.048978999999999995
L1BR|MAXMIN|BOUNDARY,prep-left-turn,S_W,>EQ  10-Y/R,LOW  SPEED,PEDESTRIAN,  RL  <EQ  2,acts-1,Y,778,108,106.439667,0
L1BR|MAXMIN|BOUNDARY,prep-left-turn,S_W,>EQ  10-Y/R,LOW  SPEED,PEDESTRIAN,  RL  <EQ  2,acts-1,N,778,108,107.440667,0.03276800000000002
L1BR|MAXMIN|BOUNDARY,prep-left-turn,S_W,>EQ  10-Y/R,LOW  SPEED,PEDESTRIAN,  RL  <EQ  2,acts-1,N,778,108,107.440667,0.03276800000000002
L1BR|MAXMIN|BOUNDARY,prep-left-turn,S_W,>EQ  10-Y/R,LOW  SPEED,PEDESTRIAN,  RL  <EQ  2,acts-1,N,778,162,187.020167,0.06514700000000001
L1BR|MAXMIN|BOUNDARY,prep-left-turn,S_W,>EQ  10-Y/R,LOW  SPEED,PEDESTRIAN,  RL  <EQ  2,acts-1,N,778,162,187.020167,0.06379100000000004
L1BR|MAXMIN|BOUNDARY,prep-left-turn,S_W,>EQ  10-Y/R,LOW  SPEED,PEDESTRIAN,  RL  <EQ  2,acts-1,Y,778,162,192.025167,0.010209999999999941
L1BR|MAXMIN|BOUNDARY,prep-left-turn,S_W,>EQ  10-Y/R,LOW  SPEED,PEDESTRIAN,  RL  <EQ  2,acts-1,N,778,162,195.028167,0.00994600000000001
L1BR|MAXMIN|BOUNDARY,prep-left-turn,S_W,>EQ  10-Y/R,LOW  SPEED,PEDESTRIAN,  RL  <EQ  2,acts-1,N,778,162,195.028167,0.00994600000000001
L1BR|MAXMIN|BOUNDARY,prep-left-turn,S_W,>EQ  10-Y/R,LOW  SPEED,PEDESTRIAN,  RL  >  2,acts-1,N,778,162,188.021167,0.102267
L1BR|MAXMIN|BOUNDARY,prep-left-turn,S_W,>EQ  10-Y/R,LOW  SPEED,PEDESTRIAN,  RL  >  2,acts-1,N,778,162,188.021167,0.09705199999999997
L1BR|MAXMIN|BOUNDARY,prep-left-turn,S_W,>EQ  10-Y/R,LOW  SPEED,PEDESTRIAN,  RL  >  2,acts-1,N,778,162,189.022167,0.256011
L1BR|MAXMIN|BOUNDARY,prep-left-turn,S_W,>EQ  10-Y/R,LOW  SPEED,PEDESTRIAN,  RL  >  2,acts-1,N,778,162,189.022167,0.255897
L1BR|MAXMIN|BOUNDARY,prep-left-turn,S_W,>EQ  10-Y/R,LOW  SPEED,PEDESTRIAN,  RL  >  2,acts-1,N,778,162,190.023167,0.06191199999999997
L1BR|MAXMIN|BOUNDARY,prep-left-turn,S_W,>EQ  10-Y/R,LOW  SPEED,PEDESTRIAN,  RL  >  2,acts-1,N,778,162,190.023167,0.06163399999999997
L1BR|MAXMIN|BOUNDARY,prep-left-turn,S_W,>EQ  10-Y/R,LOW  SPEED,PEDESTRIAN,  RL  >  2,acts-1,N,778,162,191.024167,0.011452000000000018
L1BR|MAXMIN|BOUNDARY,prep-left-turn,S_W,>EQ  10-Y/R,LOW  SPEED,PEDESTRIAN,  RL  >  2,acts-1,N,778,162,191.024167,0.01426700000000003
L1BR|MAXMIN|BOUNDARY,prep-left-turn,S_W,>EQ  10-Y/R,LOW  SPEED,NO  PEDESTRIAN,RL  0,acts-2,Y,778,13,2.002,0.0005209999999999937
L1BR|MAXMIN|BOUNDARY,prep-left-turn,S_W,>EQ  10-Y/R,LOW  SPEED,NO  PEDESTRIAN,  RL  <EQ  2,acts-2,N,778,162,197.030167,0.164076
L1BR|MAXMIN|BOUNDARY,prep-left-turn,S_W,>EQ  10-Y/R,LOW  SPEED,NO  PEDESTRIAN,  RL  <EQ  2,acts-2,N,778,162,198.031167,0.19574400000000003
L1BR|MAXMIN|BOUNDARY,prep-left-turn,S_W,>EQ  10-Y/R,LOW  SPEED,NO  PEDESTRIAN,  RL  <EQ  2,acts-2,N,778,162,199.032167,0.287448
L1BR|MAXMIN|BOUNDARY,prep-left-turn,S_W,>EQ  10-Y/R,LOW  SPEED,NO  PEDESTRIAN,  RL  <EQ  2,acts-2,N,778,162,200.033167,0.38805300000000004
L1BR|MAXMIN|BOUNDARY,prep-left-turn,S_W,>EQ  10-Y/R,LOW  SPEED,NO  PEDESTRIAN,  RL  <EQ  2,acts-2,N,778,162,201.034167,0.24226999999999999
L1BR|MAXMIN|BOUNDARY,prep-left-turn,S_W,>EQ  10-Y/R,LOW  SPEED,NO  PEDESTRIAN,  RL  <EQ  2,acts-2,N,778,162,202.035167,0.282144
L1BR|MAXMIN|BOUNDARY,prep-left-turn,S_W,>EQ  10-Y/R,LOW  SPEED,NO  PEDESTRIAN,  RL  <EQ  2,acts-2,N,778,162,204.037167,0.288128
L1BR|MAXMIN|BOUNDARY,prep-left-turn,S_W,>EQ  10-Y/R,LOW  SPEED,NO  PEDESTRIAN,  RL  <EQ  2,acts-2,N,778,162,205.038167,0.355948
L1BR|MAXMIN|BOUNDARY,prep-left-turn,S_W,>EQ  10-Y/R,LOW  SPEED,NO  PEDESTRIAN,  RL  <EQ  2,acts-2,Y,778,162,206.039167,0
L1BR|MAXMIN|BOUNDARY,prep-left-turn,S_W,>EQ  10-Y/R,LOW  SPEED,NO  PEDESTRIAN,  RL  <EQ  2,acts-2,Y,778,162,207.040167,0
L1BR|MAXMIN|BOUNDARY,prep-left-turn,S_W,>EQ  10-G,LOW  SPEED,PEDESTRIAN,RL  0,acts-1,N,778,41,76.242833,0.003910999999999998
L1BR|MAXMIN|BOUNDARY,prep-left-turn,S_W,>EQ  10-G,LOW  SPEED,PEDESTRIAN,RL  0,acts-1,N,778,41,77.243833,0
L1BR|MAXMIN|BOUNDARY,prep-left-turn,S_W,>EQ  10-G,LOW  SPEED,PEDESTRIAN,RL  0,acts-1,N,778,41,78.244833,0
L1BR|MAXMIN|BOUNDARY,prep-left-turn,S_W,>EQ  10-G,LOW  SPEED,PEDESTRIAN,  RL  <EQ  2,acts-1,Y,778,108,105.438667,0.22043600000000002
L1BR|MAXMIN|BOUNDARY,prep-left-turn,S_W,>EQ  10-G,LOW  SPEED,PEDESTRIAN,  RL  <EQ  2,acts-1,Y,778,108,105.438667,0.15136899999999998
L1BR|MAXMIN|BOUNDARY,prep-left-turn,S_W,>EQ  10-G,LOW  SPEED,PEDESTRIAN,  RL  <EQ  2,acts-1,Y,778,108,106.439667,0.048978999999999995
L1BR|MAXMIN|BOUNDARY,prep-left-turn,S_W,>EQ  10-G,LOW  SPEED,PEDESTRIAN,  RL  <EQ  2,acts-1,Y,778,108,106.439667,0
L1BR|MAXMIN|BOUNDARY,prep-left-turn,S_W,>EQ  10-G,LOW  SPEED,PEDESTRIAN,  RL  <EQ  2,acts-1,N,778,108,107.440667,0.03276800000000002
L1BR|MAXMIN|BOUNDARY,prep-left-turn,S_W,>EQ  10-G,LOW  SPEED,PEDESTRIAN,  RL  <EQ  2,acts-1,N,778,108,107.440667,0.03276800000000002
L1BR|MAXMIN|BOUNDARY,prep-left-turn,S_W,>EQ  10-G,LOW  SPEED,PEDESTRIAN,  RL  <EQ  2,acts-1,N,778,162,187.020167,0.06514700000000001
L1BR|MAXMIN|BOUNDARY,prep-left-turn,S_W,>EQ  10-G,LOW  SPEED,PEDESTRIAN,  RL  <EQ  2,acts-1,N,778,162,187.020167,0.06379100000000004
L1BR|MAXMIN|BOUNDARY,prep-left-turn,S_W,>EQ  10-G,LOW  SPEED,PEDESTRIAN,  RL  <EQ  2,acts-1,Y,778,162,192.025167,0.010209999999999941
L1BR|MAXMIN|BOUNDARY,prep-left-turn,S_W,>EQ  10-G,LOW  SPEED,PEDESTRIAN,  RL  <EQ  2,acts-1,N,778,162,195.028167,0.00994600000000001
L1BR|MAXMIN|BOUNDARY,prep-left-turn,S_W,>EQ  10-G,LOW  SPEED,PEDESTRIAN,  RL  <EQ  2,acts-1,N,778,162,195.028167,0.00994600000000001
L1BR|MAXMIN|BOUNDARY,prep-left-turn,S_W,>EQ  10-G,LOW  SPEED,PEDESTRIAN,  RL  >  2,acts-1,N,778,162,188.021167,0.102267
L1BR|MAXMIN|BOUNDARY,prep-left-turn,S_W,>EQ  10-G,LOW  SPEED,PEDESTRIAN,  RL  >  2,acts-1,N,778,162,188.021167,0.09705199999999997
L1BR|MAXMIN|BOUNDARY,prep-left-turn,S_W,>EQ  10-G,LOW  SPEED,PEDESTRIAN,  RL  >  2,acts-1,N,778,162,189.022167,0.256011
L1BR|MAXMIN|BOUNDARY,prep-left-turn,S_W,>EQ  10-G,LOW  SPEED,PEDESTRIAN,  RL  >  2,acts-1,N,778,162,189.022167,0.255897
L1BR|MAXMIN|BOUNDARY,prep-left-turn,S_W,>EQ  10-G,LOW  SPEED,PEDESTRIAN,  RL  >  2,acts-1,N,778,162,190.023167,0.06191199999999997
L1BR|MAXMIN|BOUNDARY,prep-left-turn,S_W,>EQ  10-G,LOW  SPEED,PEDESTRIAN,  RL  >  2,acts-1,N,778,162,190.023167,0.06163399999999997
L1BR|MAXMIN|BOUNDARY,prep-left-turn,S_W,>EQ  10-G,LOW  SPEED,PEDESTRIAN,  RL  >  2,acts-1,N,778,162,191.024167,0.011452000000000018
L1BR|MAXMIN|BOUNDARY,prep-left-turn,S_W,>EQ  10-G,LOW  SPEED,PEDESTRIAN,  RL  >  2,acts-1,N,778,162,191.024167,0.01426700000000003
L1BR|MAXMIN|BOUNDARY,prep-left-turn,S_W,>EQ  10-G,LOW  SPEED,NO  PEDESTRIAN,RL  0,acts-2,Y,778,13,2.002,0.0005209999999999937
L1BR|MAXMIN|BOUNDARY,prep-left-turn,S_W,>EQ  10-G,LOW  SPEED,NO  PEDESTRIAN,  RL  <EQ  2,acts-2,N,778,162,197.030167,0.164076
L1BR|MAXMIN|BOUNDARY,prep-left-turn,S_W,>EQ  10-G,LOW  SPEED,NO  PEDESTRIAN,  RL  <EQ  2,acts-2,N,778,162,198.031167,0.19574400000000003
L1BR|MAXMIN|BOUNDARY,prep-left-turn,S_W,>EQ  10-G,LOW  SPEED,NO  PEDESTRIAN,  RL  <EQ  2,acts-2,N,778,162,199.032167,0.287448
L1BR|MAXMIN|BOUNDARY,prep-left-turn,S_W,>EQ  10-G,LOW  SPEED,NO  PEDESTRIAN,  RL  <EQ  2,acts-2,N,778,162,200.033167,0.38805300000000004
L1BR|MAXMIN|BOUNDARY,prep-left-turn,S_W,>EQ  10-G,LOW  SPEED,NO  PEDESTRIAN,  RL  <EQ  2,acts-2,N,778,162,201.034167,0.24226999999999999
L1BR|MAXMIN|BOUNDARY,prep-left-turn,S_W,>EQ  10-G,LOW  SPEED,NO  PEDESTRIAN,  RL  <EQ  2,acts-2,N,778,162,202.035167,0.282144
L1BR|MAXMIN|BOUNDARY,prep-left-turn,S_W,>EQ  10-G,LOW  SPEED,NO  PEDESTRIAN,  RL  <EQ  2,acts-2,N,778,162,204.037167,0.288128
L1BR|MAXMIN|BOUNDARY,prep-left-turn,S_W,>EQ  10-G,LOW  SPEED,NO  PEDESTRIAN,  RL  <EQ  2,acts-2,N,778,162,205.038167,0.355948
L1BR|MAXMIN|BOUNDARY,prep-left-turn,S_W,>EQ  10-G,LOW  SPEED,NO  PEDESTRIAN,  RL  <EQ  2,acts-2,Y,778,162,206.039167,0
L1BR|MAXMIN|BOUNDARY,prep-left-turn,S_W,>EQ  10-G,LOW  SPEED,NO  PEDESTRIAN,  RL  <EQ  2,acts-2,Y,778,162,207.040167,0
L1BR|MAXMIN|BOUNDARY,prep-left-turn,N_E,<10-Y/R,MEDIUM  SPEED,NO  PEDESTRIAN,RL  0,acts-2,Y,778,216,216.049167,0.07740499999999995
L1BR|MAXMIN|BOUNDARY,prep-left-turn,N_E,<10-G,MEDIUM  SPEED,NO  PEDESTRIAN,RL  0,acts-2,Y,778,216,216.049167,0.07740499999999995
L1BR|MAXMIN|BOUNDARY,prep-left-turn,N_E,>EQ  10-Y/R,LOW  SPEED,NO  PEDESTRIAN,RL  0,acts-2,N,778,75,90.924167,0
L1BR|MAXMIN|BOUNDARY,prep-left-turn,N_E,>EQ  10-Y/R,LOW  SPEED,NO  PEDESTRIAN,RL  0,acts-2,Y,778,135,173.6735,0
L1BR|MAXMIN|BOUNDARY,prep-left-turn,N_E,>EQ  10-Y/R,LOW  SPEED,NO  PEDESTRIAN,RL  0,acts-2,Y,778,181,193.193,0
L1BR|MAXMIN|BOUNDARY,prep-left-turn,N_E,>EQ  10-Y/R,LOW  SPEED,NO  PEDESTRIAN,RL  0,acts-2,N,778,181,194.194,0.07842700000000002
L1BR|MAXMIN|BOUNDARY,prep-left-turn,N_E,>EQ  10-Y/R,LOW  SPEED,NO  PEDESTRIAN,RL  0,acts-2,N,778,181,195.195,0
L1BR|MAXMIN|BOUNDARY,prep-left-turn,N_E,>EQ  10-G,LOW  SPEED,NO  PEDESTRIAN,RL  0,acts-2,N,778,75,90.924167,0
L1BR|MAXMIN|BOUNDARY,prep-left-turn,N_E,>EQ  10-G,LOW  SPEED,NO  PEDESTRIAN,RL  0,acts-2,Y,778,135,173.6735,0
L1BR|MAXMIN|BOUNDARY,prep-left-turn,N_E,>EQ  10-G,LOW  SPEED,NO  PEDESTRIAN,RL  0,acts-2,Y,778,181,193.193,0
L1BR|MAXMIN|BOUNDARY,prep-left-turn,N_E,>EQ  10-G,LOW  SPEED,NO  PEDESTRIAN,RL  0,acts-2,N,778,181,194.194,0.07842700000000002
L1BR|MAXMIN|BOUNDARY,prep-left-turn,N_E,>EQ  10-G,LOW  SPEED,NO  PEDESTRIAN,RL  0,acts-2,N,778,181,195.195,0
L1BR|MAXMIN|BOUNDARY,prep-left-turn,W_N,<10-Y/R,LOW  SPEED,NO  PEDESTRIAN,  RL  <EQ  2,acts-2,N,778,48,57.5575,0.5228590000000001
L1BR|MAXMIN|BOUNDARY,prep-left-turn,W_N,<10-Y/R,LOW  SPEED,NO  PEDESTRIAN,  RL  <EQ  2,acts-2,N,778,48,59.5595,0.348817
L1BR|MAXMIN|BOUNDARY,prep-left-turn,W_N,<10-Y/R,LOW  SPEED,NO  PEDESTRIAN,  RL  <EQ  2,acts-2,N,778,143,156.823333,0.47823400000000005
L1BR|MAXMIN|BOUNDARY,prep-left-turn,W_N,<10-Y/R,LOW  SPEED,NO  PEDESTRIAN,  RL  <EQ  2,acts-2,N,778,143,157.824333,0.12653799999999998
L1BR|MAXMIN|BOUNDARY,prep-left-turn,W_N,<10-Y/R,LOW  SPEED,NO  PEDESTRIAN,  RL  <EQ  2,acts-2,N,778,143,158.825333,0.189892
L1BR|MAXMIN|BOUNDARY,prep-left-turn,W_N,<10-Y/R,LOW  SPEED,NO  PEDESTRIAN,  RL  >  2,acts-2,N,778,48,58.5585,0.5205709999999999
L1BR|MAXMIN|BOUNDARY,prep-left-turn,W_N,<10-Y/R,LOW  SPEED,NO  PEDESTRIAN,  RL  >  2,acts-2,N,778,48,60.5605,0.23535099999999998
L1BR|MAXMIN|BOUNDARY,prep-left-turn,W_N,<10-Y/R,LOW  SPEED,NO  PEDESTRIAN,  RL  >  2,acts-2,N,778,48,61.5615,0.04139999999999999
L1BR|MAXMIN|BOUNDARY,prep-left-turn,W_N,<10-Y/R,LOW  SPEED,NO  PEDESTRIAN,  RL  >  2,acts-2,N,778,48,62.5625,0.008025000000000004
L1BR|MAXMIN|BOUNDARY,prep-left-turn,W_N,<10-Y/R,LOW  SPEED,NO  PEDESTRIAN,  RL  >  2,acts-2,Y,778,48,63.5635,0.11450500000000008
L1BR|MAXMIN|BOUNDARY,prep-left-turn,W_N,<10-Y/R,LOW  SPEED,NO  PEDESTRIAN,  RL  >  2,acts-2,N,778,48,64.5645,0
L1BR|MAXMIN|BOUNDARY,prep-left-turn,W_N,<10-Y/R,LOW  SPEED,NO  PEDESTRIAN,  RL  >  2,acts-2,N,778,143,155.822333,0.020479999999999998
L1BR|MAXMIN|BOUNDARY,prep-left-turn,W_N,<10-Y/R,LOW  SPEED,NO  PEDESTRIAN,  RL  >  2,acts-2,N,778,143,159.826333,0
L1BR|MAXMIN|BOUNDARY,prep-left-turn,W_N,<10-G,LOW  SPEED,NO  PEDESTRIAN,  RL  <EQ  2,acts-2,N,778,48,57.5575,0.5228590000000001
L1BR|MAXMIN|BOUNDARY,prep-left-turn,W_N,<10-G,LOW  SPEED,NO  PEDESTRIAN,  RL  <EQ  2,acts-2,N,778,48,59.5595,0.348817
L1BR|MAXMIN|BOUNDARY,prep-left-turn,W_N,<10-G,LOW  SPEED,NO  PEDESTRIAN,  RL  <EQ  2,acts-2,N,778,143,156.823333,0.47823400000000005
L1BR|MAXMIN|BOUNDARY,prep-left-turn,W_N,<10-G,LOW  SPEED,NO  PEDESTRIAN,  RL  <EQ  2,acts-2,N,778,143,157.824333,0.12653799999999998
L1BR|MAXMIN|BOUNDARY,prep-left-turn,W_N,<10-G,LOW  SPEED,NO  PEDESTRIAN,  RL  <EQ  2,acts-2,N,778,143,158.825333,0.189892
L1BR|MAXMIN|BOUNDARY,prep-left-turn,W_N,<10-G,LOW  SPEED,NO  PEDESTRIAN,  RL  >  2,acts-2,N,778,48,58.5585,0.5205709999999999
L1BR|MAXMIN|BOUNDARY,prep-left-turn,W_N,<10-G,LOW  SPEED,NO  PEDESTRIAN,  RL  >  2,acts-2,N,778,48,60.5605,0.23535099999999998
L1BR|MAXMIN|BOUNDARY,prep-left-turn,W_N,<10-G,LOW  SPEED,NO  PEDESTRIAN,  RL  >  2,acts-2,N,778,48,61.5615,0.04139999999999999
L1BR|MAXMIN|BOUNDARY,prep-left-turn,W_N,<10-G,LOW  SPEED,NO  PEDESTRIAN,  RL  >  2,acts-2,N,778,48,62.5625,0.008025000000000004
L1BR|MAXMIN|BOUNDARY,prep-left-turn,W_N,<10-G,LOW  SPEED,NO  PEDESTRIAN,  RL  >  2,acts-2,Y,778,48,63.5635,0.11450500000000008
L1BR|MAXMIN|BOUNDARY,prep-left-turn,W_N,<10-G,LOW  SPEED,NO  PEDESTRIAN,  RL  >  2,acts-2,N,778,48,64.5645,0
L1BR|MAXMIN|BOUNDARY,prep-left-turn,W_N,<10-G,LOW  SPEED,NO  PEDESTRIAN,  RL  >  2,acts-2,N,778,143,155.822333,0.020479999999999998
L1BR|MAXMIN|BOUNDARY,prep-left-turn,W_N,<10-G,LOW  SPEED,NO  PEDESTRIAN,  RL  >  2,acts-2,N,778,143,159.826333,0
L1BR|MAXMIN|BOUNDARY,prep-left-turn,W_N,>EQ  10-Y/R,LOW  SPEED,PEDESTRIAN,RL  0,acts-1,Y,778,4,27.027,0.0016080000000000538
L1BR|MAXMIN|BOUNDARY,prep-left-turn,W_N,>EQ  10-Y/R,LOW  SPEED,PEDESTRIAN,RL  0,acts-1,N,778,165,227.560667,0.005908000000000024
L1BR|MAXMIN|BOUNDARY,prep-left-turn,W_N,>EQ  10-Y/R,LOW  SPEED,PEDESTRIAN,  RL  <EQ  2,acts-1,N,778,48,48.5485,0.014448000000000016
L1BR|MAXMIN|BOUNDARY,prep-left-turn,W_N,>EQ  10-Y/R,LOW  SPEED,PEDESTRIAN,  RL  <EQ  2,acts-1,N,778,48,48.5485,0.014448000000000016
L1BR|MAXMIN|BOUNDARY,prep-left-turn,W_N,>EQ  10-Y/R,LOW  SPEED,PEDESTRIAN,  RL  <EQ  2,acts-1,N,778,48,49.5495,0
L1BR|MAXMIN|BOUNDARY,prep-left-turn,W_N,>EQ  10-Y/R,LOW  SPEED,PEDESTRIAN,  RL  <EQ  2,acts-1,N,778,48,49.5495,0.00311399999999995
L1BR|MAXMIN|BOUNDARY,prep-left-turn,W_N,>EQ  10-Y/R,LOW  SPEED,PEDESTRIAN,  RL  <EQ  2,acts-1,N,778,48,50.5505,0.457738
L1BR|MAXMIN|BOUNDARY,prep-left-turn,W_N,>EQ  10-Y/R,LOW  SPEED,PEDESTRIAN,  RL  <EQ  2,acts-1,N,778,48,50.5505,0.48234699999999997
L1BR|MAXMIN|BOUNDARY,prep-left-turn,W_N,>EQ  10-Y/R,LOW  SPEED,PEDESTRIAN,  RL  >  2,acts-1,Y,778,48,42.5425,0.025996999999999992
L1BR|MAXMIN|BOUNDARY,prep-left-turn,W_N,>EQ  10-Y/R,LOW  SPEED,PEDESTRIAN,  RL  >  2,acts-1,Y,778,48,42.5425,0.032447000000000004
L1BR|MAXMIN|BOUNDARY,prep-left-turn,W_N,>EQ  10-Y/R,LOW  SPEED,PEDESTRIAN,  RL  >  2,acts-1,N,778,48,43.5435,0.064052
L1BR|MAXMIN|BOUNDARY,prep-left-turn,W_N,>EQ  10-Y/R,LOW  SPEED,PEDESTRIAN,  RL  >  2,acts-1,N,778,48,43.5435,0.06275999999999998
L1BR|MAXMIN|BOUNDARY,prep-left-turn,W_N,>EQ  10-Y/R,LOW  SPEED,PEDESTRIAN,  RL  >  2,acts-1,N,778,48,44.5445,0.01508799999999999
L1BR|MAXMIN|BOUNDARY,prep-left-turn,W_N,>EQ  10-Y/R,LOW  SPEED,PEDESTRIAN,  RL  >  2,acts-1,N,778,48,45.5455,0.031294000000000044
L1BR|MAXMIN|BOUNDARY,prep-left-turn,W_N,>EQ  10-Y/R,LOW  SPEED,PEDESTRIAN,  RL  >  2,acts-1,N,778,48,45.5455,0.031294000000000044
L1BR|MAXMIN|BOUNDARY,prep-left-turn,W_N,>EQ  10-Y/R,LOW  SPEED,PEDESTRIAN,  RL  >  2,acts-1,N,778,48,46.5465,0
L1BR|MAXMIN|BOUNDARY,prep-left-turn,W_N,>EQ  10-Y/R,LOW  SPEED,PEDESTRIAN,  RL  >  2,acts-1,N,778,48,46.5465,0.08835000000000004
L1BR|MAXMIN|BOUNDARY,prep-left-turn,W_N,>EQ  10-Y/R,LOW  SPEED,PEDESTRIAN,  RL  >  2,acts-1,N,778,48,47.5475,0.28948700000000005
L1BR|MAXMIN|BOUNDARY,prep-left-turn,W_N,>EQ  10-Y/R,LOW  SPEED,PEDESTRIAN,  RL  >  2,acts-1,N,778,48,51.5515,0.337103
L1BR|MAXMIN|BOUNDARY,prep-left-turn,W_N,>EQ  10-Y/R,LOW  SPEED,PEDESTRIAN,  RL  >  2,acts-1,N,778,48,51.5515,0.337791
L1BR|MAXMIN|BOUNDARY,prep-left-turn,W_N,>EQ  10-Y/R,LOW  SPEED,PEDESTRIAN,  RL  >  2,acts-1,N,778,48,52.5525,0.379755
L1BR|MAXMIN|BOUNDARY,prep-left-turn,W_N,>EQ  10-Y/R,LOW  SPEED,PEDESTRIAN,  RL  >  2,acts-1,N,778,48,52.5525,0.40849100000000005
L1BR|MAXMIN|BOUNDARY,prep-left-turn,W_N,>EQ  10-Y/R,LOW  SPEED,NO  PEDESTRIAN,  RL  <EQ  2,acts-2,N,778,48,53.5535,0.014367999999999992
L1BR|MAXMIN|BOUNDARY,prep-left-turn,W_N,>EQ  10-Y/R,LOW  SPEED,NO  PEDESTRIAN,  RL  <EQ  2,acts-2,N,778,48,54.5545,0.019919999999999993
L1BR|MAXMIN|BOUNDARY,prep-left-turn,W_N,>EQ  10-Y/R,LOW  SPEED,NO  PEDESTRIAN,  RL  >  2,acts-2,Y,778,143,150.817333,0.06245899999999993
L1BR|MAXMIN|BOUNDARY,prep-left-turn,W_N,>EQ  10-Y/R,LOW  SPEED,NO  PEDESTRIAN,  RL  >  2,acts-2,Y,778,143,151.818333,0.26409900000000003
L1BR|MAXMIN|BOUNDARY,prep-left-turn,W_N,>EQ  10-Y/R,LOW  SPEED,NO  PEDESTRIAN,  RL  >  2,acts-2,N,778,143,152.819333,0.24251100000000003
L1BR|MAXMIN|BOUNDARY,prep-left-turn,W_N,>EQ  10-Y/R,LOW  SPEED,NO  PEDESTRIAN,  RL  >  2,acts-2,Y,778,143,153.820333,0.29356899999999997
L1BR|MAXMIN|BOUNDARY,prep-left-turn,W_N,>EQ  10-Y/R,LOW  SPEED,NO  PEDESTRIAN,  RL  >  2,acts-2,N,778,143,154.821333,0.05084500000000003
L1BR|MAXMIN|BOUNDARY,prep-left-turn,W_N,>EQ  10-G,LOW  SPEED,PEDESTRIAN,RL  0,acts-1,Y,778,4,27.027,0.0016080000000000538
L1BR|MAXMIN|BOUNDARY,prep-left-turn,W_N,>EQ  10-G,LOW  SPEED,PEDESTRIAN,RL  0,acts-1,N,778,165,227.560667,0.005908000000000024
L1BR|MAXMIN|BOUNDARY,prep-left-turn,W_N,>EQ  10-G,LOW  SPEED,PEDESTRIAN,  RL  <EQ  2,acts-1,N,778,48,48.5485,0.014448000000000016
L1BR|MAXMIN|BOUNDARY,prep-left-turn,W_N,>EQ  10-G,LOW  SPEED,PEDESTRIAN,  RL  <EQ  2,acts-1,N,778,48,48.5485,0.014448000000000016
L1BR|MAXMIN|BOUNDARY,prep-left-turn,W_N,>EQ  10-G,LOW  SPEED,PEDESTRIAN,  RL  <EQ  2,acts-1,N,778,48,49.5495,0
L1BR|MAXMIN|BOUNDARY,prep-left-turn,W_N,>EQ  10-G,LOW  SPEED,PEDESTRIAN,  RL  <EQ  2,acts-1,N,778,48,49.5495,0.00311399999999995
L1BR|MAXMIN|BOUNDARY,prep-left-turn,W_N,>EQ  10-G,LOW  SPEED,PEDESTRIAN,  RL  <EQ  2,acts-1,N,778,48,50.5505,0.457738
L1BR|MAXMIN|BOUNDARY,prep-left-turn,W_N,>EQ  10-G,LOW  SPEED,PEDESTRIAN,  RL  <EQ  2,acts-1,N,778,48,50.5505,0.48234699999999997
L1BR|MAXMIN|BOUNDARY,prep-left-turn,W_N,>EQ  10-G,LOW  SPEED,PEDESTRIAN,  RL  >  2,acts-1,Y,778,48,42.5425,0.025996999999999992
L1BR|MAXMIN|BOUNDARY,prep-left-turn,W_N,>EQ  10-G,LOW  SPEED,PEDESTRIAN,  RL  >  2,acts-1,Y,778,48,42.5425,0.032447000000000004
L1BR|MAXMIN|BOUNDARY,prep-left-turn,W_N,>EQ  10-G,LOW  SPEED,PEDESTRIAN,  RL  >  2,acts-1,N,778,48,43.5435,0.064052
L1BR|MAXMIN|BOUNDARY,prep-left-turn,W_N,>EQ  10-G,LOW  SPEED,PEDESTRIAN,  RL  >  2,acts-1,N,778,48,43.5435,0.06275999999999998
L1BR|MAXMIN|BOUNDARY,prep-left-turn,W_N,>EQ  10-G,LOW  SPEED,PEDESTRIAN,  RL  >  2,acts-1,N,778,48,44.5445,0.01508799999999999
L1BR|MAXMIN|BOUNDARY,prep-left-turn,W_N,>EQ  10-G,LOW  SPEED,PEDESTRIAN,  RL  >  2,acts-1,N,778,48,45.5455,0.031294000000000044
L1BR|MAXMIN|BOUNDARY,prep-left-turn,W_N,>EQ  10-G,LOW  SPEED,PEDESTRIAN,  RL  >  2,acts-1,N,778,48,45.5455,0.031294000000000044
L1BR|MAXMIN|BOUNDARY,prep-left-turn,W_N,>EQ  10-G,LOW  SPEED,PEDESTRIAN,  RL  >  2,acts-1,N,778,48,46.5465,0
L1BR|MAXMIN|BOUNDARY,prep-left-turn,W_N,>EQ  10-G,LOW  SPEED,PEDESTRIAN,  RL  >  2,acts-1,N,778,48,46.5465,0.08835000000000004
L1BR|MAXMIN|BOUNDARY,prep-left-turn,W_N,>EQ  10-G,LOW  SPEED,PEDESTRIAN,  RL  >  2,acts-1,N,778,48,47.5475,0.28948700000000005
L1BR|MAXMIN|BOUNDARY,prep-left-turn,W_N,>EQ  10-G,LOW  SPEED,PEDESTRIAN,  RL  >  2,acts-1,N,778,48,51.5515,0.337103
L1BR|MAXMIN|BOUNDARY,prep-left-turn,W_N,>EQ  10-G,LOW  SPEED,PEDESTRIAN,  RL  >  2,acts-1,N,778,48,51.5515,0.337791
L1BR|MAXMIN|BOUNDARY,prep-left-turn,W_N,>EQ  10-G,LOW  SPEED,PEDESTRIAN,  RL  >  2,acts-1,N,778,48,52.5525,0.379755
L1BR|MAXMIN|BOUNDARY,prep-left-turn,W_N,>EQ  10-G,LOW  SPEED,PEDESTRIAN,  RL  >  2,acts-1,N,778,48,52.5525,0.40849100000000005
L1BR|MAXMIN|BOUNDARY,prep-left-turn,W_N,>EQ  10-G,LOW  SPEED,NO  PEDESTRIAN,  RL  <EQ  2,acts-2,N,778,48,53.5535,0.014367999999999992
L1BR|MAXMIN|BOUNDARY,prep-left-turn,W_N,>EQ  10-G,LOW  SPEED,NO  PEDESTRIAN,  RL  <EQ  2,acts-2,N,778,48,54.5545,0.019919999999999993
L1BR|MAXMIN|BOUNDARY,prep-left-turn,W_N,>EQ  10-G,LOW  SPEED,NO  PEDESTRIAN,  RL  >  2,acts-2,Y,778,143,150.817333,0.06245899999999993
L1BR|MAXMIN|BOUNDARY,prep-left-turn,W_N,>EQ  10-G,LOW  SPEED,NO  PEDESTRIAN,  RL  >  2,acts-2,Y,778,143,151.818333,0.26409900000000003
L1BR|MAXMIN|BOUNDARY,prep-left-turn,W_N,>EQ  10-G,LOW  SPEED,NO  PEDESTRIAN,  RL  >  2,acts-2,N,778,143,152.819333,0.24251100000000003
L1BR|MAXMIN|BOUNDARY,prep-left-turn,W_N,>EQ  10-G,LOW  SPEED,NO  PEDESTRIAN,  RL  >  2,acts-2,Y,778,143,153.820333,0.29356899999999997
L1BR|MAXMIN|BOUNDARY,prep-left-turn,W_N,>EQ  10-G,LOW  SPEED,NO  PEDESTRIAN,  RL  >  2,acts-2,N,778,143,154.821333,0.05084500000000003
L1BR|MAXMIN|BOUNDARY,prep-left-turn,E_S,<10-Y/R,LOW  SPEED,PEDESTRIAN,RL  0,acts-1,Y,778,142,156.823333,0.000200000000000089
L1BR|MAXMIN|BOUNDARY,prep-left-turn,E_S,<10-Y/R,LOW  SPEED,PEDESTRIAN,RL  0,acts-1,Y,778,142,157.824333,0.0004589999999999872
L1BR|MAXMIN|BOUNDARY,prep-left-turn,E_S,<10-Y/R,LOW  SPEED,NO  PEDESTRIAN,RL  0,acts-2,N,778,233,255.588667,0.03953200000000001
L1BR|MAXMIN|BOUNDARY,prep-left-turn,E_S,<10-Y/R,LOW  SPEED,NO  PEDESTRIAN,RL  0,acts-2,N,778,233,256.589667,0.004426000000000041
L1BR|MAXMIN|BOUNDARY,prep-left-turn,E_S,<10-G,LOW  SPEED,PEDESTRIAN,RL  0,acts-1,Y,778,142,156.823333,0.000200000000000089
L1BR|MAXMIN|BOUNDARY,prep-left-turn,E_S,<10-G,LOW  SPEED,PEDESTRIAN,RL  0,acts-1,Y,778,142,157.824333,0.0004589999999999872
L1BR|MAXMIN|BOUNDARY,prep-left-turn,E_S,<10-G,LOW  SPEED,NO  PEDESTRIAN,RL  0,acts-2,N,778,233,255.588667,0.03953200000000001
L1BR|MAXMIN|BOUNDARY,prep-left-turn,E_S,<10-G,LOW  SPEED,NO  PEDESTRIAN,RL  0,acts-2,N,778,233,256.589667,0.004426000000000041
L1BR|MAXMIN|BOUNDARY,prep-left-turn,E_S,>EQ  10-Y/R,LOW  SPEED,PEDESTRIAN,RL  0,acts-1,Y,778,20,27.027,0
L1BR|MAXMIN|BOUNDARY,prep-left-turn,E_S,>EQ  10-Y/R,LOW  SPEED,PEDESTRIAN,RL  0,acts-1,Y,778,20,28.028,0.00022500000000003073
L1BR|MAXMIN|BOUNDARY,prep-left-turn,E_S,>EQ  10-Y/R,LOW  SPEED,PEDESTRIAN,RL  0,acts-1,Y,778,17,52.052,0.0023400000000000087
L1BR|MAXMIN|BOUNDARY,prep-left-turn,E_S,>EQ  10-Y/R,LOW  SPEED,PEDESTRIAN,RL  0,acts-1,Y,778,80,126.6265,0
L1BR|MAXMIN|BOUNDARY,prep-left-turn,E_S,>EQ  10-Y/R,LOW  SPEED,PEDESTRIAN,RL  0,acts-1,N,778,80,127.6275,0
L1BR|MAXMIN|BOUNDARY,prep-left-turn,E_S,>EQ  10-Y/R,LOW  SPEED,PEDESTRIAN,RL  0,acts-1,N,778,210,239.405833,0.03912300000000002
L1BR|MAXMIN|BOUNDARY,prep-left-turn,E_S,>EQ  10-Y/R,LOW  SPEED,PEDESTRIAN,RL  0,acts-1,N,778,210,239.405833,0.03912300000000002
L1BR|MAXMIN|BOUNDARY,prep-left-turn,E_S,>EQ  10-Y/R,LOW  SPEED,PEDESTRIAN,RL  0,acts-1,Y,778,210,240.406833,7.699999999999374e-05
L1BR|MAXMIN|BOUNDARY,prep-left-turn,E_S,>EQ  10-Y/R,LOW  SPEED,PEDESTRIAN,RL  0,acts-1,N,778,210,241.407833,0.002854999999999941
L1BR|MAXMIN|BOUNDARY,prep-left-turn,E_S,>EQ  10-Y/R,LOW  SPEED,PEDESTRIAN,RL  0,acts-1,Y,778,210,242.408833,0
L1BR|MAXMIN|BOUNDARY,prep-left-turn,E_S,>EQ  10-Y/R,LOW  SPEED,PEDESTRIAN,RL  0,acts-1,Y,778,210,243.409833,0
L1BR|MAXMIN|BOUNDARY,prep-left-turn,E_S,>EQ  10-Y/R,LOW  SPEED,PEDESTRIAN,  RL  <EQ  2,acts-1,N,778,142,151.818333,0.08515
L1BR|MAXMIN|BOUNDARY,prep-left-turn,E_S,>EQ  10-Y/R,LOW  SPEED,PEDESTRIAN,  RL  <EQ  2,acts-1,N,778,142,151.818333,0.08515
L1BR|MAXMIN|BOUNDARY,prep-left-turn,E_S,>EQ  10-Y/R,LOW  SPEED,PEDESTRIAN,  RL  <EQ  2,acts-1,N,778,142,152.819333,0.07757800000000004
L1BR|MAXMIN|BOUNDARY,prep-left-turn,E_S,>EQ  10-Y/R,LOW  SPEED,PEDESTRIAN,  RL  <EQ  2,acts-1,N,778,142,152.819333,0.07757800000000004
L1BR|MAXMIN|BOUNDARY,prep-left-turn,E_S,>EQ  10-Y/R,LOW  SPEED,PEDESTRIAN,  RL  <EQ  2,acts-1,N,778,142,153.820333,0.25400199999999995
L1BR|MAXMIN|BOUNDARY,prep-left-turn,E_S,>EQ  10-Y/R,LOW  SPEED,PEDESTRIAN,  RL  <EQ  2,acts-1,N,778,142,153.820333,0.25400199999999995
L1BR|MAXMIN|BOUNDARY,prep-left-turn,E_S,>EQ  10-Y/R,LOW  SPEED,PEDESTRIAN,  RL  <EQ  2,acts-1,N,778,210,237.403833,0
L1BR|MAXMIN|BOUNDARY,prep-left-turn,E_S,>EQ  10-Y/R,LOW  SPEED,PEDESTRIAN,  RL  >  2,acts-3,Y,778,17,35.035,0.004481999999999986
L1BR|MAXMIN|BOUNDARY,prep-left-turn,E_S,>EQ  10-Y/R,LOW  SPEED,PEDESTRIAN,  RL  >  2,acts-3,Y,778,17,35.035,0.005531000000000008
L1BR|MAXMIN|BOUNDARY,prep-left-turn,E_S,>EQ  10-Y/R,LOW  SPEED,PEDESTRIAN,  RL  >  2,acts-1,Y,778,17,36.036,0.36808
L1BR|MAXMIN|BOUNDARY,prep-left-turn,E_S,>EQ  10-Y/R,LOW  SPEED,PEDESTRIAN,  RL  >  2,acts-1,Y,778,17,36.036,0.36808
L1BR|MAXMIN|BOUNDARY,prep-left-turn,E_S,>EQ  10-Y/R,LOW  SPEED,PEDESTRIAN,  RL  >  2,acts-1,N,778,17,37.037,0.06105900000000003
L1BR|MAXMIN|BOUNDARY,prep-left-turn,E_S,>EQ  10-Y/R,LOW  SPEED,PEDESTRIAN,  RL  >  2,acts-1,N,778,17,37.037,0.054022000000000014
L1BR|MAXMIN|BOUNDARY,prep-left-turn,E_S,>EQ  10-Y/R,LOW  SPEED,PEDESTRIAN,  RL  >  2,acts-1,N,778,17,38.038,0.066994
L1BR|MAXMIN|BOUNDARY,prep-left-turn,E_S,>EQ  10-Y/R,LOW  SPEED,PEDESTRIAN,  RL  >  2,acts-1,N,778,17,38.038,0.067133
L1BR|MAXMIN|BOUNDARY,prep-left-turn,E_S,>EQ  10-Y/R,LOW  SPEED,PEDESTRIAN,  RL  >  2,acts-1,N,778,17,39.039,0.03321999999999997
L1BR|MAXMIN|BOUNDARY,prep-left-turn,E_S,>EQ  10-Y/R,LOW  SPEED,PEDESTRIAN,  RL  >  2,acts-1,N,778,17,39.039,0.03321999999999997
L1BR|MAXMIN|BOUNDARY,prep-left-turn,E_S,>EQ  10-Y/R,LOW  SPEED,PEDESTRIAN,  RL  >  2,acts-1,N,778,17,40.04,0.07161200000000001
L1BR|MAXMIN|BOUNDARY,prep-left-turn,E_S,>EQ  10-Y/R,LOW  SPEED,PEDESTRIAN,  RL  >  2,acts-1,N,778,17,40.04,0.07175300000000001
L1BR|MAXMIN|BOUNDARY,prep-left-turn,E_S,>EQ  10-Y/R,LOW  SPEED,PEDESTRIAN,  RL  >  2,acts-1,N,778,17,41.041,0.049412999999999985
L1BR|MAXMIN|BOUNDARY,prep-left-turn,E_S,>EQ  10-Y/R,LOW  SPEED,PEDESTRIAN,  RL  >  2,acts-1,N,778,17,41.041,0.049412999999999985
L1BR|MAXMIN|BOUNDARY,prep-left-turn,E_S,>EQ  10-Y/R,LOW  SPEED,PEDESTRIAN,  RL  >  2,acts-1,N,778,17,42.042,0.03244199999999997
L1BR|MAXMIN|BOUNDARY,prep-left-turn,E_S,>EQ  10-Y/R,LOW  SPEED,PEDESTRIAN,  RL  >  2,acts-1,N,778,17,42.042,0.03627999999999998
L1BR|MAXMIN|BOUNDARY,prep-left-turn,E_S,>EQ  10-Y/R,LOW  SPEED,PEDESTRIAN,  RL  >  2,acts-1,N,778,17,43.043,0.03675299999999998
L1BR|MAXMIN|BOUNDARY,prep-left-turn,E_S,>EQ  10-Y/R,LOW  SPEED,PEDESTRIAN,  RL  >  2,acts-1,N,778,17,43.043,0.03675299999999998
L1BR|MAXMIN|BOUNDARY,prep-left-turn,E_S,>EQ  10-Y/R,LOW  SPEED,PEDESTRIAN,  RL  >  2,acts-1,N,778,17,44.044,0.08125199999999999
L1BR|MAXMIN|BOUNDARY,prep-left-turn,E_S,>EQ  10-Y/R,LOW  SPEED,PEDESTRIAN,  RL  >  2,acts-1,N,778,17,44.044,0.08125199999999999
L1BR|MAXMIN|BOUNDARY,prep-left-turn,E_S,>EQ  10-Y/R,LOW  SPEED,PEDESTRIAN,  RL  >  2,acts-1,N,778,17,45.045,0.028471999999999997
L1BR|MAXMIN|BOUNDARY,prep-left-turn,E_S,>EQ  10-Y/R,LOW  SPEED,PEDESTRIAN,  RL  >  2,acts-1,N,778,17,45.045,0.03511399999999998
L1BR|MAXMIN|BOUNDARY,prep-left-turn,E_S,>EQ  10-Y/R,LOW  SPEED,PEDESTRIAN,  RL  >  2,acts-1,N,778,17,46.046,0.08463799999999999
L1BR|MAXMIN|BOUNDARY,prep-left-turn,E_S,>EQ  10-Y/R,LOW  SPEED,PEDESTRIAN,  RL  >  2,acts-1,N,778,17,46.046,0.09042800000000001
L1BR|MAXMIN|BOUNDARY,prep-left-turn,E_S,>EQ  10-Y/R,LOW  SPEED,PEDESTRIAN,  RL  >  2,acts-1,N,778,17,47.047,0.156906
L1BR|MAXMIN|BOUNDARY,prep-left-turn,E_S,>EQ  10-Y/R,LOW  SPEED,PEDESTRIAN,  RL  >  2,acts-1,N,778,17,47.047,0.164885
L1BR|MAXMIN|BOUNDARY,prep-left-turn,E_S,>EQ  10-Y/R,LOW  SPEED,PEDESTRIAN,  RL  >  2,acts-1,N,778,17,48.048,0.04313499999999998
L1BR|MAXMIN|BOUNDARY,prep-left-turn,E_S,>EQ  10-Y/R,LOW  SPEED,PEDESTRIAN,  RL  >  2,acts-1,N,778,17,48.048,0.029005999999999976
L1BR|MAXMIN|BOUNDARY,prep-left-turn,E_S,>EQ  10-Y/R,LOW  SPEED,PEDESTRIAN,  RL  >  2,acts-1,N,778,142,150.817333,0.0005539999999999989
L1BR|MAXMIN|BOUNDARY,prep-left-turn,E_S,>EQ  10-Y/R,LOW  SPEED,PEDESTRIAN,  RL  >  2,acts-1,N,778,142,150.817333,0.0005539999999999989
L1BR|MAXMIN|BOUNDARY,prep-left-turn,E_S,>EQ  10-G,LOW  SPEED,PEDESTRIAN,RL  0,acts-1,Y,778,20,27.027,0
L1BR|MAXMIN|BOUNDARY,prep-left-turn,E_S,>EQ  10-G,LOW  SPEED,PEDESTRIAN,RL  0,acts-1,Y,778,20,28.028,0.00022500000000003073
L1BR|MAXMIN|BOUNDARY,prep-left-turn,E_S,>EQ  10-G,LOW  SPEED,PEDESTRIAN,RL  0,acts-1,Y,778,17,52.052,0.0023400000000000087
L1BR|MAXMIN|BOUNDARY,prep-left-turn,E_S,>EQ  10-G,LOW  SPEED,PEDESTRIAN,RL  0,acts-1,Y,778,80,126.6265,0
L1BR|MAXMIN|BOUNDARY,prep-left-turn,E_S,>EQ  10-G,LOW  SPEED,PEDESTRIAN,RL  0,acts-1,N,778,80,127.6275,0
L1BR|MAXMIN|BOUNDARY,prep-left-turn,E_S,>EQ  10-G,LOW  SPEED,PEDESTRIAN,RL  0,acts-1,N,778,210,239.405833,0.03912300000000002
L1BR|MAXMIN|BOUNDARY,prep-left-turn,E_S,>EQ  10-G,LOW  SPEED,PEDESTRIAN,RL  0,acts-1,N,778,210,239.405833,0.03912300000000002
L1BR|MAXMIN|BOUNDARY,prep-left-turn,E_S,>EQ  10-G,LOW  SPEED,PEDESTRIAN,RL  0,acts-1,Y,778,210,240.406833,7.699999999999374e-05
L1BR|MAXMIN|BOUNDARY,prep-left-turn,E_S,>EQ  10-G,LOW  SPEED,PEDESTRIAN,RL  0,acts-1,N,778,210,241.407833,0.002854999999999941
L1BR|MAXMIN|BOUNDARY,prep-left-turn,E_S,>EQ  10-G,LOW  SPEED,PEDESTRIAN,RL  0,acts-1,Y,778,210,242.408833,0
L1BR|MAXMIN|BOUNDARY,prep-left-turn,E_S,>EQ  10-G,LOW  SPEED,PEDESTRIAN,RL  0,acts-1,Y,778,210,243.409833,0
L1BR|MAXMIN|BOUNDARY,prep-left-turn,E_S,>EQ  10-G,LOW  SPEED,PEDESTRIAN,  RL  <EQ  2,acts-1,N,778,142,151.818333,0.08515
L1BR|MAXMIN|BOUNDARY,prep-left-turn,E_S,>EQ  10-G,LOW  SPEED,PEDESTRIAN,  RL  <EQ  2,acts-1,N,778,142,151.818333,0.08515
L1BR|MAXMIN|BOUNDARY,prep-left-turn,E_S,>EQ  10-G,LOW  SPEED,PEDESTRIAN,  RL  <EQ  2,acts-1,N,778,142,152.819333,0.07757800000000004
L1BR|MAXMIN|BOUNDARY,prep-left-turn,E_S,>EQ  10-G,LOW  SPEED,PEDESTRIAN,  RL  <EQ  2,acts-1,N,778,142,152.819333,0.07757800000000004
L1BR|MAXMIN|BOUNDARY,prep-left-turn,E_S,>EQ  10-G,LOW  SPEED,PEDESTRIAN,  RL  <EQ  2,acts-1,N,778,142,153.820333,0.25400199999999995
L1BR|MAXMIN|BOUNDARY,prep-left-turn,E_S,>EQ  10-G,LOW  SPEED,PEDESTRIAN,  RL  <EQ  2,acts-1,N,778,142,153.820333,0.25400199999999995
L1BR|MAXMIN|BOUNDARY,prep-left-turn,E_S,>EQ  10-G,LOW  SPEED,PEDESTRIAN,  RL  <EQ  2,acts-1,N,778,210,237.403833,0
L1BR|MAXMIN|BOUNDARY,prep-left-turn,E_S,>EQ  10-G,LOW  SPEED,PEDESTRIAN,  RL  >  2,acts-3,Y,778,17,35.035,0.004481999999999986
L1BR|MAXMIN|BOUNDARY,prep-left-turn,E_S,>EQ  10-G,LOW  SPEED,PEDESTRIAN,  RL  >  2,acts-3,Y,778,17,35.035,0.005531000000000008
L1BR|MAXMIN|BOUNDARY,prep-left-turn,E_S,>EQ  10-G,LOW  SPEED,PEDESTRIAN,  RL  >  2,acts-1,Y,778,17,36.036,0.36808
L1BR|MAXMIN|BOUNDARY,prep-left-turn,E_S,>EQ  10-G,LOW  SPEED,PEDESTRIAN,  RL  >  2,acts-1,Y,778,17,36.036,0.36808
L1BR|MAXMIN|BOUNDARY,prep-left-turn,E_S,>EQ  10-G,LOW  SPEED,PEDESTRIAN,  RL  >  2,acts-1,N,778,17,37.037,0.06105900000000003
L1BR|MAXMIN|BOUNDARY,prep-left-turn,E_S,>EQ  10-G,LOW  SPEED,PEDESTRIAN,  RL  >  2,acts-1,N,778,17,37.037,0.054022000000000014
L1BR|MAXMIN|BOUNDARY,prep-left-turn,E_S,>EQ  10-G,LOW  SPEED,PEDESTRIAN,  RL  >  2,acts-1,N,778,17,38.038,0.066994
L1BR|MAXMIN|BOUNDARY,prep-left-turn,E_S,>EQ  10-G,LOW  SPEED,PEDESTRIAN,  RL  >  2,acts-1,N,778,17,38.038,0.067133
L1BR|MAXMIN|BOUNDARY,prep-left-turn,E_S,>EQ  10-G,LOW  SPEED,PEDESTRIAN,  RL  >  2,acts-1,N,778,17,39.039,0.03321999999999997
L1BR|MAXMIN|BOUNDARY,prep-left-turn,E_S,>EQ  10-G,LOW  SPEED,PEDESTRIAN,  RL  >  2,acts-1,N,778,17,39.039,0.03321999999999997
L1BR|MAXMIN|BOUNDARY,prep-left-turn,E_S,>EQ  10-G,LOW  SPEED,PEDESTRIAN,  RL  >  2,acts-1,N,778,17,40.04,0.07161200000000001
L1BR|MAXMIN|BOUNDARY,prep-left-turn,E_S,>EQ  10-G,LOW  SPEED,PEDESTRIAN,  RL  >  2,acts-1,N,778,17,40.04,0.07175300000000001
L1BR|MAXMIN|BOUNDARY,prep-left-turn,E_S,>EQ  10-G,LOW  SPEED,PEDESTRIAN,  RL  >  2,acts-1,N,778,17,41.041,0.049412999999999985
L1BR|MAXMIN|BOUNDARY,prep-left-turn,E_S,>EQ  10-G,LOW  SPEED,PEDESTRIAN,  RL  >  2,acts-1,N,778,17,41.041,0.049412999999999985
L1BR|MAXMIN|BOUNDARY,prep-left-turn,E_S,>EQ  10-G,LOW  SPEED,PEDESTRIAN,  RL  >  2,acts-1,N,778,17,42.042,0.03244199999999997
L1BR|MAXMIN|BOUNDARY,prep-left-turn,E_S,>EQ  10-G,LOW  SPEED,PEDESTRIAN,  RL  >  2,acts-1,N,778,17,42.042,0.03627999999999998
L1BR|MAXMIN|BOUNDARY,prep-left-turn,E_S,>EQ  10-G,LOW  SPEED,PEDESTRIAN,  RL  >  2,acts-1,N,778,17,43.043,0.03675299999999998
L1BR|MAXMIN|BOUNDARY,prep-left-turn,E_S,>EQ  10-G,LOW  SPEED,PEDESTRIAN,  RL  >  2,acts-1,N,778,17,43.043,0.03675299999999998
L1BR|MAXMIN|BOUNDARY,prep-left-turn,E_S,>EQ  10-G,LOW  SPEED,PEDESTRIAN,  RL  >  2,acts-1,N,778,17,44.044,0.08125199999999999
L1BR|MAXMIN|BOUNDARY,prep-left-turn,E_S,>EQ  10-G,LOW  SPEED,PEDESTRIAN,  RL  >  2,acts-1,N,778,17,44.044,0.08125199999999999
L1BR|MAXMIN|BOUNDARY,prep-left-turn,E_S,>EQ  10-G,LOW  SPEED,PEDESTRIAN,  RL  >  2,acts-1,N,778,17,45.045,0.028471999999999997
L1BR|MAXMIN|BOUNDARY,prep-left-turn,E_S,>EQ  10-G,LOW  SPEED,PEDESTRIAN,  RL  >  2,acts-1,N,778,17,45.045,0.03511399999999998
L1BR|MAXMIN|BOUNDARY,prep-left-turn,E_S,>EQ  10-G,LOW  SPEED,PEDESTRIAN,  RL  >  2,acts-1,N,778,17,46.046,0.08463799999999999
L1BR|MAXMIN|BOUNDARY,prep-left-turn,E_S,>EQ  10-G,LOW  SPEED,PEDESTRIAN,  RL  >  2,acts-1,N,778,17,46.046,0.09042800000000001
L1BR|MAXMIN|BOUNDARY,prep-left-turn,E_S,>EQ  10-G,LOW  SPEED,PEDESTRIAN,  RL  >  2,acts-1,N,778,17,47.047,0.156906
L1BR|MAXMIN|BOUNDARY,prep-left-turn,E_S,>EQ  10-G,LOW  SPEED,PEDESTRIAN,  RL  >  2,acts-1,N,778,17,47.047,0.164885
L1BR|MAXMIN|BOUNDARY,prep-left-turn,E_S,>EQ  10-G,LOW  SPEED,PEDESTRIAN,  RL  >  2,acts-1,N,778,17,48.048,0.04313499999999998
L1BR|MAXMIN|BOUNDARY,prep-left-turn,E_S,>EQ  10-G,LOW  SPEED,PEDESTRIAN,  RL  >  2,acts-1,N,778,17,48.048,0.029005999999999976
L1BR|MAXMIN|BOUNDARY,prep-left-turn,E_S,>EQ  10-G,LOW  SPEED,PEDESTRIAN,  RL  >  2,acts-1,N,778,142,150.817333,0.0005539999999999989
L1BR|MAXMIN|BOUNDARY,prep-left-turn,E_S,>EQ  10-G,LOW  SPEED,PEDESTRIAN,  RL  >  2,acts-1,N,778,142,150.817333,0.0005539999999999989
L1BR|MAXMIN|BOUNDARY,exec-left-turn,S_W,<10-Y/R,LOW  SPEED,PEDESTRIAN,RL  0,acts-4,Y,778,108,121.454667,0
L1BR|MAXMIN|BOUNDARY,exec-left-turn,S_W,<10-Y/R,LOW  SPEED,PEDESTRIAN,RL  0,acts-4,Y,778,108,122.455667,0.005456000000000016
L1BR|MAXMIN|BOUNDARY,exec-left-turn,S_W,<10-Y/R,LOW  SPEED,PEDESTRIAN,RL  0,acts-4,Y,778,108,123.456667,0.003739000000000048
L1BR|MAXMIN|BOUNDARY,exec-left-turn,S_W,<10-Y/R,LOW  SPEED,PEDESTRIAN,  RL  <EQ  2,acts-1,N,778,108,109.442667,0.06558799999999998
L1BR|MAXMIN|BOUNDARY,exec-left-turn,S_W,<10-Y/R,LOW  SPEED,PEDESTRIAN,  RL  <EQ  2,acts-1,N,778,108,109.442667,0.06558799999999998
L1BR|MAXMIN|BOUNDARY,exec-left-turn,S_W,<10-Y/R,LOW  SPEED,PEDESTRIAN,  RL  <EQ  2,acts-1,N,778,108,114.447667,0.09177000000000002
L1BR|MAXMIN|BOUNDARY,exec-left-turn,S_W,<10-Y/R,LOW  SPEED,PEDESTRIAN,  RL  >  2,acts-1,N,778,108,111.444667,0.03244199999999997
L1BR|MAXMIN|BOUNDARY,exec-left-turn,S_W,<10-Y/R,LOW  SPEED,PEDESTRIAN,  RL  >  2,acts-1,N,778,108,111.444667,0.03244199999999997
L1BR|MAXMIN|BOUNDARY,exec-left-turn,S_W,<10-Y/R,LOW  SPEED,PEDESTRIAN,  RL  >  2,acts-1,N,778,108,112.445667,0.04160700000000006
L1BR|MAXMIN|BOUNDARY,exec-left-turn,S_W,<10-Y/R,LOW  SPEED,PEDESTRIAN,  RL  >  2,acts-1,N,778,108,112.445667,0.04839700000000002
L1BR|MAXMIN|BOUNDARY,exec-left-turn,S_W,<10-Y/R,LOW  SPEED,PEDESTRIAN,  RL  >  2,acts-1,N,778,108,113.446667,0
L1BR|MAXMIN|BOUNDARY,exec-left-turn,S_W,<10-Y/R,LOW  SPEED,PEDESTRIAN,  RL  >  2,acts-1,N,778,108,113.446667,0.0
L1BR|MAXMIN|BOUNDARY,exec-left-turn,S_W,<10-Y/R,LOW  SPEED,PEDESTRIAN,  RL  >  2,acts-1,N,778,108,115.448667,0.11077300000000001
L1BR|MAXMIN|BOUNDARY,exec-left-turn,S_W,<10-Y/R,LOW  SPEED,PEDESTRIAN,  RL  >  2,acts-1,N,778,108,115.448667,0.08762199999999998
L1BR|MAXMIN|BOUNDARY,exec-left-turn,S_W,<10-Y/R,LOW  SPEED,PEDESTRIAN,  RL  >  2,acts-1,N,778,108,116.449667,0.006103000000000081
L1BR|MAXMIN|BOUNDARY,exec-left-turn,S_W,<10-Y/R,LOW  SPEED,PEDESTRIAN,  RL  >  2,acts-1,N,778,108,116.449667,0.005874000000000046
L1BR|MAXMIN|BOUNDARY,exec-left-turn,S_W,<10-Y/R,LOW  SPEED,PEDESTRIAN,  RL  >  2,acts-1,N,778,108,117.450667,0.06001500000000004
L1BR|MAXMIN|BOUNDARY,exec-left-turn,S_W,<10-Y/R,LOW  SPEED,PEDESTRIAN,  RL  >  2,acts-1,N,778,108,117.450667,0
L1BR|MAXMIN|BOUNDARY,exec-left-turn,S_W,<10-Y/R,LOW  SPEED,NO  PEDESTRIAN,RL  0,acts-2,Y,778,162,210.043167,0
L1BR|MAXMIN|BOUNDARY,exec-left-turn,S_W,<10-Y/R,LOW  SPEED,NO  PEDESTRIAN,RL  0,acts-2,Y,778,162,211.044167,0.0033530000000000504
L1BR|MAXMIN|BOUNDARY,exec-left-turn,S_W,<10-Y/R,LOW  SPEED,NO  PEDESTRIAN,RL  0,acts-2,Y,778,162,212.045167,0
L1BR|MAXMIN|BOUNDARY,exec-left-turn,S_W,<10-Y/R,LOW  SPEED,NO  PEDESTRIAN,RL  0,acts-2,N,778,162,213.046167,0
L1BR|MAXMIN|BOUNDARY,exec-left-turn,S_W,<10-Y/R,LOW  SPEED,NO  PEDESTRIAN,  RL  <EQ  2,acts-2,N,778,108,110.443667,0
L1BR|MAXMIN|BOUNDARY,exec-left-turn,S_W,<10-Y/R,MEDIUM  SPEED,PEDESTRIAN,RL  0,acts-4,Y,778,108,124.457667,6.399999999995298e-05
L1BR|MAXMIN|BOUNDARY,exec-left-turn,S_W,<10-G,LOW  SPEED,PEDESTRIAN,  RL  <EQ  2,acts-1,N,778,108,109.442667,0.06558799999999998
L1BR|MAXMIN|BOUNDARY,exec-left-turn,S_W,<10-G,LOW  SPEED,PEDESTRIAN,  RL  <EQ  2,acts-1,N,778,108,109.442667,0.06558799999999998
L1BR|MAXMIN|BOUNDARY,exec-left-turn,S_W,<10-G,LOW  SPEED,PEDESTRIAN,  RL  <EQ  2,acts-1,N,778,108,114.447667,0.09177000000000002
L1BR|MAXMIN|BOUNDARY,exec-left-turn,S_W,<10-G,LOW  SPEED,PEDESTRIAN,  RL  >  2,acts-1,N,778,108,111.444667,0.03244199999999997
L1BR|MAXMIN|BOUNDARY,exec-left-turn,S_W,<10-G,LOW  SPEED,PEDESTRIAN,  RL  >  2,acts-1,N,778,108,111.444667,0.03244199999999997
L1BR|MAXMIN|BOUNDARY,exec-left-turn,S_W,<10-G,LOW  SPEED,PEDESTRIAN,  RL  >  2,acts-1,N,778,108,112.445667,0.04160700000000006
L1BR|MAXMIN|BOUNDARY,exec-left-turn,S_W,<10-G,LOW  SPEED,PEDESTRIAN,  RL  >  2,acts-1,N,778,108,112.445667,0.04839700000000002
L1BR|MAXMIN|BOUNDARY,exec-left-turn,S_W,<10-G,LOW  SPEED,PEDESTRIAN,  RL  >  2,acts-1,N,778,108,113.446667,0
L1BR|MAXMIN|BOUNDARY,exec-left-turn,S_W,<10-G,LOW  SPEED,PEDESTRIAN,  RL  >  2,acts-1,N,778,108,113.446667,0.0
L1BR|MAXMIN|BOUNDARY,exec-left-turn,S_W,<10-G,LOW  SPEED,PEDESTRIAN,  RL  >  2,acts-1,N,778,108,115.448667,0.11077300000000001
L1BR|MAXMIN|BOUNDARY,exec-left-turn,S_W,<10-G,LOW  SPEED,PEDESTRIAN,  RL  >  2,acts-1,N,778,108,115.448667,0.08762199999999998
L1BR|MAXMIN|BOUNDARY,exec-left-turn,S_W,<10-G,LOW  SPEED,PEDESTRIAN,  RL  >  2,acts-1,N,778,108,116.449667,0.006103000000000081
L1BR|MAXMIN|BOUNDARY,exec-left-turn,S_W,<10-G,LOW  SPEED,PEDESTRIAN,  RL  >  2,acts-1,N,778,108,116.449667,0.005874000000000046
L1BR|MAXMIN|BOUNDARY,exec-left-turn,S_W,<10-G,LOW  SPEED,PEDESTRIAN,  RL  >  2,acts-1,N,778,108,117.450667,0.06001500000000004
L1BR|MAXMIN|BOUNDARY,exec-left-turn,S_W,<10-G,LOW  SPEED,PEDESTRIAN,  RL  >  2,acts-1,N,778,108,117.450667,0
L1BR|MAXMIN|BOUNDARY,exec-left-turn,S_W,<10-G,LOW  SPEED,NO  PEDESTRIAN,RL  0,acts-2,Y,778,162,210.043167,0
L1BR|MAXMIN|BOUNDARY,exec-left-turn,S_W,<10-G,LOW  SPEED,NO  PEDESTRIAN,RL  0,acts-2,Y,778,162,211.044167,0.0033530000000000504
L1BR|MAXMIN|BOUNDARY,exec-left-turn,S_W,<10-G,LOW  SPEED,NO  PEDESTRIAN,RL  0,acts-2,Y,778,162,212.045167,0
L1BR|MAXMIN|BOUNDARY,exec-left-turn,S_W,<10-G,LOW  SPEED,NO  PEDESTRIAN,RL  0,acts-2,N,778,162,213.046167,0
L1BR|MAXMIN|BOUNDARY,exec-left-turn,S_W,<10-G,LOW  SPEED,NO  PEDESTRIAN,  RL  <EQ  2,acts-2,N,778,108,110.443667,0
L1BR|MAXMIN|BOUNDARY,exec-left-turn,S_W,>EQ  10-Y/R,LOW  SPEED,PEDESTRIAN,RL  0,acts-1,N,778,41,79.245833,0
L1BR|MAXMIN|BOUNDARY,exec-left-turn,S_W,>EQ  10-Y/R,LOW  SPEED,PEDESTRIAN,RL  0,acts-1,Y,778,41,80.246833,0.0002729999999999677
L1BR|MAXMIN|BOUNDARY,exec-left-turn,S_W,>EQ  10-Y/R,LOW  SPEED,PEDESTRIAN,RL  0,acts-1,Y,778,41,81.247833,0
L1BR|MAXMIN|BOUNDARY,exec-left-turn,S_W,>EQ  10-Y/R,LOW  SPEED,PEDESTRIAN,RL  0,acts-1,Y,778,41,82.248833,0
L1BR|MAXMIN|BOUNDARY,exec-left-turn,S_W,>EQ  10-Y/R,LOW  SPEED,NO  PEDESTRIAN,RL  0,acts-2,N,778,13,3.003,0.06929799999999997
L1BR|MAXMIN|BOUNDARY,exec-left-turn,S_W,>EQ  10-Y/R,LOW  SPEED,NO  PEDESTRIAN,RL  0,acts-2,Y,778,13,4.004,0.0016019999999999923
L1BR|MAXMIN|BOUNDARY,exec-left-turn,S_W,>EQ  10-Y/R,LOW  SPEED,NO  PEDESTRIAN,RL  0,acts-2,Y,778,13,5.005,0
L1BR|MAXMIN|BOUNDARY,exec-left-turn,S_W,>EQ  10-Y/R,MEDIUM  SPEED,NO  PEDESTRIAN,RL  0,acts-2,Y,778,13,6.006,0.00031999999999998696
L1BR|MAXMIN|BOUNDARY,exec-left-turn,S_W,>EQ  10-G,LOW  SPEED,PEDESTRIAN,RL  0,acts-1,N,778,41,79.245833,0
L1BR|MAXMIN|BOUNDARY,exec-left-turn,S_W,>EQ  10-G,LOW  SPEED,PEDESTRIAN,RL  0,acts-1,Y,778,41,80.246833,0.0002729999999999677
L1BR|MAXMIN|BOUNDARY,exec-left-turn,S_W,>EQ  10-G,LOW  SPEED,PEDESTRIAN,RL  0,acts-1,Y,778,41,81.247833,0
L1BR|MAXMIN|BOUNDARY,exec-left-turn,S_W,>EQ  10-G,LOW  SPEED,PEDESTRIAN,RL  0,acts-1,Y,778,41,82.248833,0
L1BR|MAXMIN|BOUNDARY,exec-left-turn,S_W,>EQ  10-G,LOW  SPEED,NO  PEDESTRIAN,RL  0,acts-2,N,778,13,3.003,0.06929799999999997
L1BR|MAXMIN|BOUNDARY,exec-left-turn,S_W,>EQ  10-G,LOW  SPEED,NO  PEDESTRIAN,RL  0,acts-2,Y,778,13,4.004,0.0016019999999999923
L1BR|MAXMIN|BOUNDARY,exec-left-turn,S_W,>EQ  10-G,LOW  SPEED,NO  PEDESTRIAN,RL  0,acts-2,Y,778,13,5.005,0
L1BR|MAXMIN|BOUNDARY,exec-left-turn,S_W,>EQ  10-G,MEDIUM  SPEED,NO  PEDESTRIAN,RL  0,acts-2,Y,778,13,6.006,0.00031999999999998696
L1BR|MAXMIN|BOUNDARY,exec-left-turn,N_E,<10-Y/R,LOW  SPEED,NO  PEDESTRIAN,RL  0,acts-2,Y,778,29,10.677333,0.003161999999999998
L1BR|MAXMIN|BOUNDARY,exec-left-turn,N_E,<10-Y/R,LOW  SPEED,NO  PEDESTRIAN,RL  0,acts-2,Y,778,29,11.678333,0
L1BR|MAXMIN|BOUNDARY,exec-left-turn,N_E,<10-Y/R,LOW  SPEED,NO  PEDESTRIAN,RL  0,acts-2,Y,778,29,12.679333,0
L1BR|MAXMIN|BOUNDARY,exec-left-turn,N_E,<10-Y/R,LOW  SPEED,NO  PEDESTRIAN,RL  0,acts-2,Y,778,29,13.680333,0
L1BR|MAXMIN|BOUNDARY,exec-left-turn,N_E,<10-Y/R,LOW  SPEED,NO  PEDESTRIAN,RL  0,acts-2,N,778,29,8.675333,0.07021599999999995
L1BR|MAXMIN|BOUNDARY,exec-left-turn,N_E,<10-Y/R,LOW  SPEED,NO  PEDESTRIAN,RL  0,acts-2,Y,778,29,9.676333,0
L1BR|MAXMIN|BOUNDARY,exec-left-turn,N_E,<10-Y/R,LOW  SPEED,NO  PEDESTRIAN,RL  0,acts-5,N,778,123,119.285833,0.0005489999999999107
L1BR|MAXMIN|BOUNDARY,exec-left-turn,N_E,<10-Y/R,LOW  SPEED,NO  PEDESTRIAN,RL  0,acts-5,N,778,123,120.286833,0
L1BR|MAXMIN|BOUNDARY,exec-left-turn,N_E,<10-Y/R,LOW  SPEED,NO  PEDESTRIAN,RL  0,acts-5,Y,778,123,121.287833,3.0000000000085514e-05
L1BR|MAXMIN|BOUNDARY,exec-left-turn,N_E,<10-Y/R,LOW  SPEED,NO  PEDESTRIAN,RL  0,acts-5,Y,778,123,122.288833,0
L1BR|MAXMIN|BOUNDARY,exec-left-turn,N_E,<10-Y/R,LOW  SPEED,NO  PEDESTRIAN,RL  0,acts-5,Y,778,123,123.289833,0.013695000000000013
L1BR|MAXMIN|BOUNDARY,exec-left-turn,N_E,<10-Y/R,LOW  SPEED,NO  PEDESTRIAN,RL  0,acts-5,Y,778,123,124.290833,0.002993999999999941
L1BR|MAXMIN|BOUNDARY,exec-left-turn,N_E,<10-Y/R,LOW  SPEED,NO  PEDESTRIAN,RL  0,acts-5,N,778,216,218.051167,0
L1BR|MAXMIN|BOUNDARY,exec-left-turn,N_E,<10-Y/R,MEDIUM  SPEED,NO  PEDESTRIAN,RL  0,acts-2,Y,778,29,14.681333,0
L1BR|MAXMIN|BOUNDARY,exec-left-turn,N_E,<10-Y/R,MEDIUM  SPEED,NO  PEDESTRIAN,RL  0,acts-2,N,778,216,217.050167,0.077708
L1BR|MAXMIN|BOUNDARY,exec-left-turn,N_E,<10-Y/R,MEDIUM  SPEED,NO  PEDESTRIAN,RL  0,acts-5,Y,778,216,219.052167,0
L1BR|MAXMIN|BOUNDARY,exec-left-turn,N_E,<10-Y/R,MEDIUM  SPEED,NO  PEDESTRIAN,RL  0,acts-5,Y,778,216,220.053167,0
L1BR|MAXMIN|BOUNDARY,exec-left-turn,N_E,<10-G,LOW  SPEED,NO  PEDESTRIAN,RL  0,acts-2,Y,778,29,10.677333,0.003161999999999998
L1BR|MAXMIN|BOUNDARY,exec-left-turn,N_E,<10-G,LOW  SPEED,NO  PEDESTRIAN,RL  0,acts-2,Y,778,29,11.678333,0
L1BR|MAXMIN|BOUNDARY,exec-left-turn,N_E,<10-G,LOW  SPEED,NO  PEDESTRIAN,RL  0,acts-2,Y,778,29,12.679333,0
L1BR|MAXMIN|BOUNDARY,exec-left-turn,N_E,<10-G,LOW  SPEED,NO  PEDESTRIAN,RL  0,acts-2,Y,778,29,13.680333,0
L1BR|MAXMIN|BOUNDARY,exec-left-turn,N_E,<10-G,LOW  SPEED,NO  PEDESTRIAN,RL  0,acts-2,N,778,29,8.675333,0.07021599999999995
L1BR|MAXMIN|BOUNDARY,exec-left-turn,N_E,<10-G,LOW  SPEED,NO  PEDESTRIAN,RL  0,acts-2,Y,778,29,9.676333,0
L1BR|MAXMIN|BOUNDARY,exec-left-turn,N_E,<10-G,MEDIUM  SPEED,NO  PEDESTRIAN,RL  0,acts-2,Y,778,29,14.681333,0
L1BR|MAXMIN|BOUNDARY,exec-left-turn,N_E,<10-G,MEDIUM  SPEED,NO  PEDESTRIAN,RL  0,acts-2,N,778,216,217.050167,0.077708
L1BR|MAXMIN|BOUNDARY,exec-left-turn,N_E,>EQ  10-Y/R,LOW  SPEED,NO  PEDESTRIAN,RL  0,acts-2,N,778,7,0,0.07863399999999998
L1BR|MAXMIN|BOUNDARY,exec-left-turn,N_E,>EQ  10-Y/R,LOW  SPEED,NO  PEDESTRIAN,RL  0,acts-2,N,778,7,1.001,0
L1BR|MAXMIN|BOUNDARY,exec-left-turn,N_E,>EQ  10-Y/R,LOW  SPEED,NO  PEDESTRIAN,RL  0,acts-2,Y,778,7,2.002,0
L1BR|MAXMIN|BOUNDARY,exec-left-turn,N_E,>EQ  10-Y/R,LOW  SPEED,NO  PEDESTRIAN,RL  0,acts-2,Y,778,7,3.003,0.0031129999999999214
L1BR|MAXMIN|BOUNDARY,exec-left-turn,N_E,>EQ  10-Y/R,LOW  SPEED,NO  PEDESTRIAN,RL  0,acts-2,Y,778,7,4.004,0
L1BR|MAXMIN|BOUNDARY,exec-left-turn,N_E,>EQ  10-Y/R,LOW  SPEED,NO  PEDESTRIAN,RL  0,acts-2,Y,778,7,5.005,0
L1BR|MAXMIN|BOUNDARY,exec-left-turn,N_E,>EQ  10-Y/R,LOW  SPEED,NO  PEDESTRIAN,RL  0,acts-2,Y,778,7,6.006,0.0030729999999999924
L1BR|MAXMIN|BOUNDARY,exec-left-turn,N_E,>EQ  10-Y/R,LOW  SPEED,NO  PEDESTRIAN,RL  0,acts-2,N,778,75,91.925167,0
L1BR|MAXMIN|BOUNDARY,exec-left-turn,N_E,>EQ  10-Y/R,LOW  SPEED,NO  PEDESTRIAN,RL  0,acts-2,N,778,75,92.926167,0
L1BR|MAXMIN|BOUNDARY,exec-left-turn,N_E,>EQ  10-Y/R,LOW  SPEED,NO  PEDESTRIAN,RL  0,acts-2,Y,778,75,93.927167,0
L1BR|MAXMIN|BOUNDARY,exec-left-turn,N_E,>EQ  10-Y/R,LOW  SPEED,NO  PEDESTRIAN,RL  0,acts-2,N,778,181,196.196,0
L1BR|MAXMIN|BOUNDARY,exec-left-turn,N_E,>EQ  10-Y/R,LOW  SPEED,NO  PEDESTRIAN,RL  0,acts-2,N,778,181,197.197,0.0008529999999999927
L1BR|MAXMIN|BOUNDARY,exec-left-turn,N_E,>EQ  10-Y/R,LOW  SPEED,NO  PEDESTRIAN,RL  0,acts-2,N,778,181,198.198,0.07525499999999996
L1BR|MAXMIN|BOUNDARY,exec-left-turn,N_E,>EQ  10-Y/R,LOW  SPEED,NO  PEDESTRIAN,RL  0,acts-2,N,778,181,199.199,0.09043599999999996
L1BR|MAXMIN|BOUNDARY,exec-left-turn,N_E,>EQ  10-Y/R,LOW  SPEED,NO  PEDESTRIAN,RL  0,acts-2,Y,778,181,200.2,0
L1BR|MAXMIN|BOUNDARY,exec-left-turn,N_E,>EQ  10-Y/R,LOW  SPEED,NO  PEDESTRIAN,RL  0,acts-2,Y,778,181,201.201,0
L1BR|MAXMIN|BOUNDARY,exec-left-turn,N_E,>EQ  10-Y/R,LOW  SPEED,NO  PEDESTRIAN,RL  0,acts-2,Y,778,181,202.202,0.0010900000000000354
L1BR|MAXMIN|BOUNDARY,exec-left-turn,N_E,>EQ  10-Y/R,LOW  SPEED,NO  PEDESTRIAN,RL  0,acts-2,Y,778,181,203.203,0.0028489999999999904
L1BR|MAXMIN|BOUNDARY,exec-left-turn,N_E,>EQ  10-Y/R,MEDIUM  SPEED,NO  PEDESTRIAN,RL  0,acts-2,N,778,7,7.007,0.00016399999999994197
L1BR|MAXMIN|BOUNDARY,exec-left-turn,N_E,>EQ  10-Y/R,MEDIUM  SPEED,NO  PEDESTRIAN,RL  0,acts-2,Y,778,75,94.928167,0
L1BR|MAXMIN|BOUNDARY,exec-left-turn,N_E,>EQ  10-Y/R,MEDIUM  SPEED,NO  PEDESTRIAN,RL  0,acts-2,Y,778,95,98.264833,0
L1BR|MAXMIN|BOUNDARY,exec-left-turn,N_E,>EQ  10-Y/R,MEDIUM  SPEED,NO  PEDESTRIAN,RL  0,acts-2,N,778,135,174.6745,0
L1BR|MAXMIN|BOUNDARY,exec-left-turn,N_E,>EQ  10-Y/R,MEDIUM  SPEED,NO  PEDESTRIAN,RL  0,acts-2,Y,778,135,175.6755,0
L1BR|MAXMIN|BOUNDARY,exec-left-turn,N_E,>EQ  10-Y/R,MEDIUM  SPEED,NO  PEDESTRIAN,RL  0,acts-2,Y,778,135,176.6765,0.001522999999999941
L1BR|MAXMIN|BOUNDARY,exec-left-turn,N_E,>EQ  10-G,LOW  SPEED,NO  PEDESTRIAN,RL  0,acts-2,N,778,7,0,0.07863399999999998
L1BR|MAXMIN|BOUNDARY,exec-left-turn,N_E,>EQ  10-G,LOW  SPEED,NO  PEDESTRIAN,RL  0,acts-2,N,778,7,1.001,0
L1BR|MAXMIN|BOUNDARY,exec-left-turn,N_E,>EQ  10-G,LOW  SPEED,NO  PEDESTRIAN,RL  0,acts-2,Y,778,7,2.002,0
L1BR|MAXMIN|BOUNDARY,exec-left-turn,N_E,>EQ  10-G,LOW  SPEED,NO  PEDESTRIAN,RL  0,acts-2,Y,778,7,3.003,0.0031129999999999214
L1BR|MAXMIN|BOUNDARY,exec-left-turn,N_E,>EQ  10-G,LOW  SPEED,NO  PEDESTRIAN,RL  0,acts-2,Y,778,7,4.004,0
L1BR|MAXMIN|BOUNDARY,exec-left-turn,N_E,>EQ  10-G,LOW  SPEED,NO  PEDESTRIAN,RL  0,acts-2,Y,778,7,5.005,0
L1BR|MAXMIN|BOUNDARY,exec-left-turn,N_E,>EQ  10-G,LOW  SPEED,NO  PEDESTRIAN,RL  0,acts-2,Y,778,7,6.006,0.0030729999999999924
L1BR|MAXMIN|BOUNDARY,exec-left-turn,N_E,>EQ  10-G,LOW  SPEED,NO  PEDESTRIAN,RL  0,acts-2,N,778,75,91.925167,0
L1BR|MAXMIN|BOUNDARY,exec-left-turn,N_E,>EQ  10-G,LOW  SPEED,NO  PEDESTRIAN,RL  0,acts-2,N,778,75,92.926167,0
L1BR|MAXMIN|BOUNDARY,exec-left-turn,N_E,>EQ  10-G,LOW  SPEED,NO  PEDESTRIAN,RL  0,acts-2,Y,778,75,93.927167,0
L1BR|MAXMIN|BOUNDARY,exec-left-turn,N_E,>EQ  10-G,LOW  SPEED,NO  PEDESTRIAN,RL  0,acts-2,N,778,181,196.196,0
L1BR|MAXMIN|BOUNDARY,exec-left-turn,N_E,>EQ  10-G,LOW  SPEED,NO  PEDESTRIAN,RL  0,acts-2,N,778,181,197.197,0.0008529999999999927
L1BR|MAXMIN|BOUNDARY,exec-left-turn,N_E,>EQ  10-G,LOW  SPEED,NO  PEDESTRIAN,RL  0,acts-2,N,778,181,198.198,0.07525499999999996
L1BR|MAXMIN|BOUNDARY,exec-left-turn,N_E,>EQ  10-G,LOW  SPEED,NO  PEDESTRIAN,RL  0,acts-2,N,778,181,199.199,0.09043599999999996
L1BR|MAXMIN|BOUNDARY,exec-left-turn,N_E,>EQ  10-G,LOW  SPEED,NO  PEDESTRIAN,RL  0,acts-2,Y,778,181,200.2,0
L1BR|MAXMIN|BOUNDARY,exec-left-turn,N_E,>EQ  10-G,LOW  SPEED,NO  PEDESTRIAN,RL  0,acts-2,Y,778,181,201.201,0
L1BR|MAXMIN|BOUNDARY,exec-left-turn,N_E,>EQ  10-G,LOW  SPEED,NO  PEDESTRIAN,RL  0,acts-2,Y,778,181,202.202,0.0010900000000000354
L1BR|MAXMIN|BOUNDARY,exec-left-turn,N_E,>EQ  10-G,LOW  SPEED,NO  PEDESTRIAN,RL  0,acts-2,Y,778,181,203.203,0.0028489999999999904
L1BR|MAXMIN|BOUNDARY,exec-left-turn,N_E,>EQ  10-G,MEDIUM  SPEED,NO  PEDESTRIAN,RL  0,acts-2,N,778,7,7.007,0.00016399999999994197
L1BR|MAXMIN|BOUNDARY,exec-left-turn,N_E,>EQ  10-G,MEDIUM  SPEED,NO  PEDESTRIAN,RL  0,acts-2,Y,778,75,94.928167,0
L1BR|MAXMIN|BOUNDARY,exec-left-turn,N_E,>EQ  10-G,MEDIUM  SPEED,NO  PEDESTRIAN,RL  0,acts-2,Y,778,95,98.264833,0
L1BR|MAXMIN|BOUNDARY,exec-left-turn,N_E,>EQ  10-G,MEDIUM  SPEED,NO  PEDESTRIAN,RL  0,acts-2,N,778,135,174.6745,0
L1BR|MAXMIN|BOUNDARY,exec-left-turn,N_E,>EQ  10-G,MEDIUM  SPEED,NO  PEDESTRIAN,RL  0,acts-2,Y,778,135,175.6755,0
L1BR|MAXMIN|BOUNDARY,exec-left-turn,N_E,>EQ  10-G,MEDIUM  SPEED,NO  PEDESTRIAN,RL  0,acts-2,Y,778,135,176.6765,0.001522999999999941
L1BR|MAXMIN|BOUNDARY,exec-left-turn,W_N,<10-Y/R,LOW  SPEED,NO  PEDESTRIAN,RL  0,acts-5,Y,778,48,67.5675,0
L1BR|MAXMIN|BOUNDARY,exec-left-turn,W_N,<10-Y/R,LOW  SPEED,NO  PEDESTRIAN,RL  0,acts-5,Y,778,48,68.5685,0.0014000000000000679
L1BR|MAXMIN|BOUNDARY,exec-left-turn,W_N,<10-Y/R,LOW  SPEED,NO  PEDESTRIAN,RL  0,acts-5,N,778,48,69.5695,0.0018520000000000758
L1BR|MAXMIN|BOUNDARY,exec-left-turn,W_N,<10-Y/R,LOW  SPEED,NO  PEDESTRIAN,RL  0,acts-5,Y,778,143,166.833333,0
L1BR|MAXMIN|BOUNDARY,exec-left-turn,W_N,<10-Y/R,LOW  SPEED,NO  PEDESTRIAN,RL  0,acts-5,Y,778,143,167.834333,0
L1BR|MAXMIN|BOUNDARY,exec-left-turn,W_N,<10-Y/R,LOW  SPEED,NO  PEDESTRIAN,RL  0,acts-5,Y,778,143,168.835333,0
L1BR|MAXMIN|BOUNDARY,exec-left-turn,W_N,<10-Y/R,MEDIUM  SPEED,NO  PEDESTRIAN,RL  0,acts-5,Y,778,50,71.404667,0.002291000000000043
L1BR|MAXMIN|BOUNDARY,exec-left-turn,W_N,>EQ  10-Y/R,LOW  SPEED,PEDESTRIAN,RL  0,acts-1,Y,778,4,28.028,7.099999999993223e-05
L1BR|MAXMIN|BOUNDARY,exec-left-turn,W_N,>EQ  10-Y/R,LOW  SPEED,PEDESTRIAN,RL  0,acts-1,N,778,4,29.029,0.01564499999999991
L1BR|MAXMIN|BOUNDARY,exec-left-turn,W_N,>EQ  10-Y/R,LOW  SPEED,PEDESTRIAN,RL  0,acts-1,N,778,4,29.029,0.01564499999999991
L1BR|MAXMIN|BOUNDARY,exec-left-turn,W_N,>EQ  10-Y/R,LOW  SPEED,PEDESTRIAN,RL  0,acts-1,N,778,16,30.03,0
L1BR|MAXMIN|BOUNDARY,exec-left-turn,W_N,>EQ  10-Y/R,LOW  SPEED,PEDESTRIAN,RL  0,acts-1,Y,778,16,31.031,0.0008139999999999814
L1BR|MAXMIN|BOUNDARY,exec-left-turn,W_N,>EQ  10-Y/R,LOW  SPEED,PEDESTRIAN,RL  0,acts-1,Y,778,16,32.032,0.0012199999999999989
L1BR|MAXMIN|BOUNDARY,exec-left-turn,W_N,>EQ  10-Y/R,LOW  SPEED,PEDESTRIAN,RL  0,acts-1,N,778,45,34.367667,0.015128999999999948
L1BR|MAXMIN|BOUNDARY,exec-left-turn,W_N,>EQ  10-Y/R,LOW  SPEED,PEDESTRIAN,RL  0,acts-1,N,778,45,34.367667,0.015128999999999948
L1BR|MAXMIN|BOUNDARY,exec-left-turn,W_N,>EQ  10-Y/R,LOW  SPEED,PEDESTRIAN,RL  0,acts-1,N,778,165,228.561667,0.018591999999999942
L1BR|MAXMIN|BOUNDARY,exec-left-turn,W_N,>EQ  10-Y/R,LOW  SPEED,PEDESTRIAN,RL  0,acts-1,N,778,165,228.561667,0.018591999999999942
L1BR|MAXMIN|BOUNDARY,exec-left-turn,W_N,>EQ  10-Y/R,LOW  SPEED,PEDESTRIAN,RL  0,acts-1,Y,778,165,229.562667,0.0002950000000000452
L1BR|MAXMIN|BOUNDARY,exec-left-turn,W_N,>EQ  10-Y/R,LOW  SPEED,PEDESTRIAN,RL  0,acts-1,Y,778,165,230.563667,0.0018040000000000278
L1BR|MAXMIN|BOUNDARY,exec-left-turn,W_N,>EQ  10-Y/R,LOW  SPEED,PEDESTRIAN,RL  0,acts-1,N,778,165,231.564667,0
L1BR|MAXMIN|BOUNDARY,exec-left-turn,W_N,>EQ  10-Y/R,LOW  SPEED,NO  PEDESTRIAN,RL  0,acts-2,Y,778,126,138.972167,0
L1BR|MAXMIN|BOUNDARY,exec-left-turn,W_N,>EQ  10-Y/R,LOW  SPEED,NO  PEDESTRIAN,RL  0,acts-2,Y,778,126,139.973167,0.0005100000000000104
L1BR|MAXMIN|BOUNDARY,exec-left-turn,W_N,>EQ  10-Y/R,MEDIUM  SPEED,PEDESTRIAN,  RL  <EQ  2,acts-1,N,778,49,35.201833,0.019496999999999987
L1BR|MAXMIN|BOUNDARY,exec-left-turn,W_N,>EQ  10-Y/R,MEDIUM  SPEED,PEDESTRIAN,  RL  <EQ  2,acts-1,N,778,49,35.201833,0.019496999999999987
L1BR|MAXMIN|BOUNDARY,exec-left-turn,W_N,>EQ  10-Y/R,MEDIUM  SPEED,NO  PEDESTRIAN,RL  0,acts-2,Y,778,126,140.974167,0
L1BR|MAXMIN|BOUNDARY,exec-left-turn,W_N,>EQ  10-Y/R,MEDIUM  SPEED,NO  PEDESTRIAN,RL  0,acts-2,Y,778,133,143.309833,0.012773000000000034
L1BR|MAXMIN|BOUNDARY,exec-left-turn,W_N,>EQ  10-G,LOW  SPEED,PEDESTRIAN,RL  0,acts-1,Y,778,4,28.028,7.099999999993223e-05
L1BR|MAXMIN|BOUNDARY,exec-left-turn,W_N,>EQ  10-G,LOW  SPEED,PEDESTRIAN,RL  0,acts-1,N,778,4,29.029,0.01564499999999991
L1BR|MAXMIN|BOUNDARY,exec-left-turn,W_N,>EQ  10-G,LOW  SPEED,PEDESTRIAN,RL  0,acts-1,N,778,4,29.029,0.01564499999999991
L1BR|MAXMIN|BOUNDARY,exec-left-turn,W_N,>EQ  10-G,LOW  SPEED,PEDESTRIAN,RL  0,acts-1,N,778,16,30.03,0
L1BR|MAXMIN|BOUNDARY,exec-left-turn,W_N,>EQ  10-G,LOW  SPEED,PEDESTRIAN,RL  0,acts-1,Y,778,16,31.031,0.0008139999999999814
L1BR|MAXMIN|BOUNDARY,exec-left-turn,W_N,>EQ  10-G,LOW  SPEED,PEDESTRIAN,RL  0,acts-1,Y,778,16,32.032,0.0012199999999999989
L1BR|MAXMIN|BOUNDARY,exec-left-turn,W_N,>EQ  10-G,LOW  SPEED,PEDESTRIAN,RL  0,acts-1,N,778,45,34.367667,0.015128999999999948
L1BR|MAXMIN|BOUNDARY,exec-left-turn,W_N,>EQ  10-G,LOW  SPEED,PEDESTRIAN,RL  0,acts-1,N,778,45,34.367667,0.015128999999999948
L1BR|MAXMIN|BOUNDARY,exec-left-turn,W_N,>EQ  10-G,LOW  SPEED,PEDESTRIAN,RL  0,acts-1,N,778,165,228.561667,0.018591999999999942
L1BR|MAXMIN|BOUNDARY,exec-left-turn,W_N,>EQ  10-G,LOW  SPEED,PEDESTRIAN,RL  0,acts-1,N,778,165,228.561667,0.018591999999999942
L1BR|MAXMIN|BOUNDARY,exec-left-turn,W_N,>EQ  10-G,LOW  SPEED,PEDESTRIAN,RL  0,acts-1,Y,778,165,229.562667,0.0002950000000000452
L1BR|MAXMIN|BOUNDARY,exec-left-turn,W_N,>EQ  10-G,LOW  SPEED,PEDESTRIAN,RL  0,acts-1,Y,778,165,230.563667,0.0018040000000000278
L1BR|MAXMIN|BOUNDARY,exec-left-turn,W_N,>EQ  10-G,LOW  SPEED,PEDESTRIAN,RL  0,acts-1,N,778,165,231.564667,0
L1BR|MAXMIN|BOUNDARY,exec-left-turn,W_N,>EQ  10-G,LOW  SPEED,NO  PEDESTRIAN,RL  0,acts-2,Y,778,126,138.972167,0
L1BR|MAXMIN|BOUNDARY,exec-left-turn,W_N,>EQ  10-G,LOW  SPEED,NO  PEDESTRIAN,RL  0,acts-2,Y,778,126,139.973167,0.0005100000000000104
L1BR|MAXMIN|BOUNDARY,exec-left-turn,W_N,>EQ  10-G,MEDIUM  SPEED,PEDESTRIAN,  RL  <EQ  2,acts-1,N,778,49,35.201833,0.019496999999999987
L1BR|MAXMIN|BOUNDARY,exec-left-turn,W_N,>EQ  10-G,MEDIUM  SPEED,PEDESTRIAN,  RL  <EQ  2,acts-1,N,778,49,35.201833,0.019496999999999987
L1BR|MAXMIN|BOUNDARY,exec-left-turn,W_N,>EQ  10-G,MEDIUM  SPEED,NO  PEDESTRIAN,RL  0,acts-2,Y,778,126,140.974167,0
L1BR|MAXMIN|BOUNDARY,exec-left-turn,W_N,>EQ  10-G,MEDIUM  SPEED,NO  PEDESTRIAN,RL  0,acts-2,Y,778,133,143.309833,0.012773000000000034
L1BR|MAXMIN|BOUNDARY,exec-left-turn,E_S,<10-Y/R,LOW  SPEED,PEDESTRIAN,RL  0,acts-1,Y,778,142,158.825333,0.00684499999999999
L1BR|MAXMIN|BOUNDARY,exec-left-turn,E_S,<10-Y/R,LOW  SPEED,PEDESTRIAN,RL  0,acts-1,Y,778,142,159.826333,0.001862999999999948
L1BR|MAXMIN|BOUNDARY,exec-left-turn,E_S,<10-Y/R,LOW  SPEED,PEDESTRIAN,RL  0,acts-1,Y,778,142,160.827333,0.00013399999999996748
L1BR|MAXMIN|BOUNDARY,exec-left-turn,E_S,<10-Y/R,LOW  SPEED,NO  PEDESTRIAN,RL  0,acts-2,Y,778,17,55.055,0
L1BR|MAXMIN|BOUNDARY,exec-left-turn,E_S,<10-Y/R,LOW  SPEED,NO  PEDESTRIAN,RL  0,acts-2,Y,778,46,57.724333,0.003363000000000005
L1BR|MAXMIN|BOUNDARY,exec-left-turn,E_S,<10-Y/R,LOW  SPEED,NO  PEDESTRIAN,RL  0,acts-2,Y,778,46,58.725333,0
L1BR|MAXMIN|BOUNDARY,exec-left-turn,E_S,<10-Y/R,LOW  SPEED,NO  PEDESTRIAN,RL  0,acts-2,Y,778,46,59.726333,0
L1BR|MAXMIN|BOUNDARY,exec-left-turn,E_S,<10-Y/R,LOW  SPEED,NO  PEDESTRIAN,RL  0,acts-2,Y,778,233,257.590667,0
L1BR|MAXMIN|BOUNDARY,exec-left-turn,E_S,<10-Y/R,LOW  SPEED,NO  PEDESTRIAN,RL  0,acts-5,Y,778,73,68.5685,0.00041199999999996795
L1BR|MAXMIN|BOUNDARY,exec-left-turn,E_S,<10-Y/R,LOW  SPEED,NO  PEDESTRIAN,RL  0,acts-5,Y,778,73,70.5705,0
L1BR|MAXMIN|BOUNDARY,exec-left-turn,E_S,<10-Y/R,MEDIUM  SPEED,PEDESTRIAN,RL  0,acts-1,Y,778,142,161.828333,0.0005809999999999427
L1BR|MAXMIN|BOUNDARY,exec-left-turn,E_S,<10-Y/R,MEDIUM  SPEED,PEDESTRIAN,RL  0,acts-1,Y,778,142,161.828333,0.0005809999999999427
L1BR|MAXMIN|BOUNDARY,exec-left-turn,E_S,<10-Y/R,MEDIUM  SPEED,NO  PEDESTRIAN,RL  0,acts-2,N,778,17,56.056,0.004045999999999994
L1BR|MAXMIN|BOUNDARY,exec-left-turn,E_S,<10-Y/R,MEDIUM  SPEED,NO  PEDESTRIAN,RL  0,acts-2,Y,778,233,260.593667,0
L1BR|MAXMIN|BOUNDARY,exec-left-turn,E_S,<10-Y/R,MEDIUM  SPEED,NO  PEDESTRIAN,RL  0,acts-5,Y,778,73,69.5695,0.0002829999999999222
L1BR|MAXMIN|BOUNDARY,exec-left-turn,E_S,<10-G,LOW  SPEED,PEDESTRIAN,RL  0,acts-1,Y,778,142,158.825333,0.00684499999999999
L1BR|MAXMIN|BOUNDARY,exec-left-turn,E_S,<10-G,LOW  SPEED,PEDESTRIAN,RL  0,acts-1,Y,778,142,159.826333,0.001862999999999948
L1BR|MAXMIN|BOUNDARY,exec-left-turn,E_S,<10-G,LOW  SPEED,PEDESTRIAN,RL  0,acts-1,Y,778,142,160.827333,0.00013399999999996748
L1BR|MAXMIN|BOUNDARY,exec-left-turn,E_S,<10-G,LOW  SPEED,NO  PEDESTRIAN,RL  0,acts-2,Y,778,17,55.055,0
L1BR|MAXMIN|BOUNDARY,exec-left-turn,E_S,<10-G,LOW  SPEED,NO  PEDESTRIAN,RL  0,acts-2,Y,778,46,57.724333,0.003363000000000005
L1BR|MAXMIN|BOUNDARY,exec-left-turn,E_S,<10-G,LOW  SPEED,NO  PEDESTRIAN,RL  0,acts-2,Y,778,46,58.725333,0
L1BR|MAXMIN|BOUNDARY,exec-left-turn,E_S,<10-G,LOW  SPEED,NO  PEDESTRIAN,RL  0,acts-2,Y,778,46,59.726333,0
L1BR|MAXMIN|BOUNDARY,exec-left-turn,E_S,<10-G,LOW  SPEED,NO  PEDESTRIAN,RL  0,acts-2,Y,778,233,257.590667,0
L1BR|MAXMIN|BOUNDARY,exec-left-turn,E_S,<10-G,MEDIUM  SPEED,PEDESTRIAN,RL  0,acts-1,Y,778,142,161.828333,0.0005809999999999427
L1BR|MAXMIN|BOUNDARY,exec-left-turn,E_S,<10-G,MEDIUM  SPEED,PEDESTRIAN,RL  0,acts-1,Y,778,142,161.828333,0.0005809999999999427
L1BR|MAXMIN|BOUNDARY,exec-left-turn,E_S,<10-G,MEDIUM  SPEED,NO  PEDESTRIAN,RL  0,acts-2,N,778,17,56.056,0.004045999999999994
L1BR|MAXMIN|BOUNDARY,exec-left-turn,E_S,<10-G,MEDIUM  SPEED,NO  PEDESTRIAN,RL  0,acts-2,Y,778,233,260.593667,0
L1BR|MAXMIN|BOUNDARY,exec-left-turn,E_S,>EQ  10-Y/R,LOW  SPEED,PEDESTRIAN,RL  0,acts-1,Y,778,20,29.029,0
L1BR|MAXMIN|BOUNDARY,exec-left-turn,E_S,>EQ  10-Y/R,LOW  SPEED,PEDESTRIAN,RL  0,acts-1,Y,778,17,53.053,0.00016899999999997473
L1BR|MAXMIN|BOUNDARY,exec-left-turn,E_S,>EQ  10-Y/R,LOW  SPEED,PEDESTRIAN,RL  0,acts-1,N,778,80,128.6285,0
L1BR|MAXMIN|BOUNDARY,exec-left-turn,E_S,>EQ  10-Y/R,LOW  SPEED,PEDESTRIAN,RL  0,acts-1,Y,778,80,129.6295,0.0014340000000000463
L1BR|MAXMIN|BOUNDARY,exec-left-turn,E_S,>EQ  10-Y/R,LOW  SPEED,PEDESTRIAN,RL  0,acts-1,Y,778,210,244.410833,0
L1BR|MAXMIN|BOUNDARY,exec-left-turn,E_S,>EQ  10-Y/R,LOW  SPEED,PEDESTRIAN,  RL  <EQ  2,acts-1,Y,778,9,35.035,0.00022500000000003073
L1BR|MAXMIN|BOUNDARY,exec-left-turn,E_S,>EQ  10-Y/R,LOW  SPEED,NO  PEDESTRIAN,RL  0,acts-2,Y,778,17,54.054,0
L1BR|MAXMIN|BOUNDARY,exec-left-turn,E_S,>EQ  10-Y/R,LOW  SPEED,NO  PEDESTRIAN,RL  0,acts-2,Y,778,210,245.411833,0
L1BR|MAXMIN|BOUNDARY,exec-left-turn,E_S,>EQ  10-Y/R,LOW  SPEED,NO  PEDESTRIAN,RL  0,acts-2,Y,778,224,248.915333,0
L1BR|MAXMIN|BOUNDARY,exec-left-turn,E_S,>EQ  10-Y/R,MEDIUM  SPEED,PEDESTRIAN,RL  0,acts-1,Y,778,20,30.03,7.500000000004725e-05
L1BR|MAXMIN|BOUNDARY,exec-left-turn,E_S,>EQ  10-Y/R,MEDIUM  SPEED,PEDESTRIAN,RL  0,acts-1,Y,778,20,31.031,0.00377100000000008
L1BR|MAXMIN|BOUNDARY,exec-left-turn,E_S,>EQ  10-Y/R,MEDIUM  SPEED,PEDESTRIAN,RL  0,acts-1,Y,778,20,31.031,0.00377100000000008
L1BR|MAXMIN|BOUNDARY,exec-left-turn,E_S,>EQ  10-Y/R,MEDIUM  SPEED,PEDESTRIAN,RL  0,acts-1,Y,778,8,33.033,0.003817999999999988
L1BR|MAXMIN|BOUNDARY,exec-left-turn,E_S,>EQ  10-Y/R,MEDIUM  SPEED,PEDESTRIAN,RL  0,acts-1,Y,778,8,33.033,0.003817999999999988
L1BR|MAXMIN|BOUNDARY,exec-left-turn,E_S,>EQ  10-Y/R,MEDIUM  SPEED,PEDESTRIAN,RL  0,acts-1,Y,778,80,130.6305,0.00015100000000001224
L1BR|MAXMIN|BOUNDARY,exec-left-turn,E_S,>EQ  10-Y/R,MEDIUM  SPEED,PEDESTRIAN,RL  0,acts-1,Y,778,80,130.6305,0.00015100000000001224
L1BR|MAXMIN|BOUNDARY,exec-left-turn,E_S,>EQ  10-Y/R,MEDIUM  SPEED,NO  PEDESTRIAN,RL  0,acts-2,N,778,210,246.412833,0
L1BR|MAXMIN|BOUNDARY,exec-left-turn,E_S,>EQ  10-Y/R,MEDIUM  SPEED,NO  PEDESTRIAN,RL  0,acts-2,Y,778,210,247.413833,0.0
L1BR|MAXMIN|BOUNDARY,exec-left-turn,E_S,>EQ  10-Y/R,MEDIUM  SPEED,NO  PEDESTRIAN,RL  0,acts-2,N,778,224,249.916333,0.000256000000000034
L1BR|MAXMIN|BOUNDARY,exec-left-turn,E_S,>EQ  10-Y/R,MEDIUM  SPEED,NO  PEDESTRIAN,RL  0,acts-2,Y,778,224,250.917333,0
L1BR|MAXMIN|BOUNDARY,exec-left-turn,E_S,>EQ  10-G,LOW  SPEED,PEDESTRIAN,RL  0,acts-1,Y,778,20,29.029,0
L1BR|MAXMIN|BOUNDARY,exec-left-turn,E_S,>EQ  10-G,LOW  SPEED,PEDESTRIAN,RL  0,acts-1,Y,778,17,53.053,0.00016899999999997473
L1BR|MAXMIN|BOUNDARY,exec-left-turn,E_S,>EQ  10-G,LOW  SPEED,PEDESTRIAN,RL  0,acts-1,N,778,80,128.6285,0
L1BR|MAXMIN|BOUNDARY,exec-left-turn,E_S,>EQ  10-G,LOW  SPEED,PEDESTRIAN,RL  0,acts-1,Y,778,80,129.6295,0.0014340000000000463
L1BR|MAXMIN|BOUNDARY,exec-left-turn,E_S,>EQ  10-G,LOW  SPEED,PEDESTRIAN,RL  0,acts-1,Y,778,210,244.410833,0
L1BR|MAXMIN|BOUNDARY,exec-left-turn,E_S,>EQ  10-G,LOW  SPEED,PEDESTRIAN,  RL  <EQ  2,acts-1,Y,778,9,35.035,0.00022500000000003073
L1BR|MAXMIN|BOUNDARY,exec-left-turn,E_S,>EQ  10-G,LOW  SPEED,NO  PEDESTRIAN,RL  0,acts-2,Y,778,17,54.054,0
L1BR|MAXMIN|BOUNDARY,exec-left-turn,E_S,>EQ  10-G,LOW  SPEED,NO  PEDESTRIAN,RL  0,acts-2,Y,778,210,245.411833,0
L1BR|MAXMIN|BOUNDARY,exec-left-turn,E_S,>EQ  10-G,LOW  SPEED,NO  PEDESTRIAN,RL  0,acts-2,Y,778,224,248.915333,0
L1BR|MAXMIN|BOUNDARY,exec-left-turn,E_S,>EQ  10-G,MEDIUM  SPEED,PEDESTRIAN,RL  0,acts-1,Y,778,20,30.03,7.500000000004725e-05
L1BR|MAXMIN|BOUNDARY,exec-left-turn,E_S,>EQ  10-G,MEDIUM  SPEED,PEDESTRIAN,RL  0,acts-1,Y,778,20,31.031,0.00377100000000008
L1BR|MAXMIN|BOUNDARY,exec-left-turn,E_S,>EQ  10-G,MEDIUM  SPEED,PEDESTRIAN,RL  0,acts-1,Y,778,20,31.031,0.00377100000000008
L1BR|MAXMIN|BOUNDARY,exec-left-turn,E_S,>EQ  10-G,MEDIUM  SPEED,PEDESTRIAN,RL  0,acts-1,Y,778,8,33.033,0.003817999999999988
L1BR|MAXMIN|BOUNDARY,exec-left-turn,E_S,>EQ  10-G,MEDIUM  SPEED,PEDESTRIAN,RL  0,acts-1,Y,778,8,33.033,0.003817999999999988
L1BR|MAXMIN|BOUNDARY,exec-left-turn,E_S,>EQ  10-G,MEDIUM  SPEED,PEDESTRIAN,RL  0,acts-1,Y,778,80,130.6305,0.00015100000000001224
L1BR|MAXMIN|BOUNDARY,exec-left-turn,E_S,>EQ  10-G,MEDIUM  SPEED,PEDESTRIAN,RL  0,acts-1,Y,778,80,130.6305,0.00015100000000001224
L1BR|MAXMIN|BOUNDARY,exec-left-turn,E_S,>EQ  10-G,MEDIUM  SPEED,NO  PEDESTRIAN,RL  0,acts-2,N,778,210,246.412833,0
L1BR|MAXMIN|BOUNDARY,exec-left-turn,E_S,>EQ  10-G,MEDIUM  SPEED,NO  PEDESTRIAN,RL  0,acts-2,Y,778,210,247.413833,0.0
L1BR|MAXMIN|BOUNDARY,exec-left-turn,E_S,>EQ  10-G,MEDIUM  SPEED,NO  PEDESTRIAN,RL  0,acts-2,N,778,224,249.916333,0.000256000000000034
L1BR|MAXMIN|BOUNDARY,exec-left-turn,E_S,>EQ  10-G,MEDIUM  SPEED,NO  PEDESTRIAN,RL  0,acts-2,Y,778,224,250.917333,0
L1BR|MAXMIN|BOUNDARY,OTHER  LANES,W_S,<10-Y/R,LOW  SPEED,PEDESTRIAN,RL  0,acts-4,Y,778,150,162.6625,0
L1BR|MAXMIN|BOUNDARY,OTHER  LANES,W_S,<10-Y/R,LOW  SPEED,NO  PEDESTRIAN,RL  0,acts-8,Y,778,248,264.931333,0.045313999999999965
L1BR|MAXMIN|BOUNDARY,OTHER  LANES,W_S,<10-Y/R,MEDIUM  SPEED,NO  PEDESTRIAN,RL  0,acts-8,Y,778,248,261.928333,0.03244200000000008
L1BR|MAXMIN|BOUNDARY,OTHER  LANES,W_S,<10-Y/R,MEDIUM  SPEED,NO  PEDESTRIAN,RL  0,acts-8,Y,778,248,262.929333,0.0
L1BR|MAXMIN|BOUNDARY,OTHER  LANES,W_S,<10-Y/R,MEDIUM  SPEED,NO  PEDESTRIAN,RL  0,acts-8,Y,778,248,263.930333,0.035995
L1BR|MAXMIN|BOUNDARY,OTHER  LANES,W_S,<10-G,LOW  SPEED,PEDESTRIAN,RL  0,acts-4,Y,778,150,162.6625,0
L1BR|MAXMIN|BOUNDARY,OTHER  LANES,W_S,<10-G,LOW  SPEED,NO  PEDESTRIAN,RL  0,acts-8,Y,778,248,264.931333,0.045313999999999965
L1BR|MAXMIN|BOUNDARY,OTHER  LANES,W_S,<10-G,MEDIUM  SPEED,NO  PEDESTRIAN,RL  0,acts-8,Y,778,248,261.928333,0.03244200000000008
L1BR|MAXMIN|BOUNDARY,OTHER  LANES,W_S,<10-G,MEDIUM  SPEED,NO  PEDESTRIAN,RL  0,acts-8,Y,778,248,262.929333,0.0
L1BR|MAXMIN|BOUNDARY,OTHER  LANES,W_S,<10-G,MEDIUM  SPEED,NO  PEDESTRIAN,RL  0,acts-8,Y,778,248,263.930333,0.035995
L1BR|MAXMIN|BOUNDARY,OTHER  LANES,W_S,>EQ  10-Y/R,LOW  SPEED,PEDESTRIAN,RL  0,acts-4,Y,778,136,139.472667,0.022206999999999977
L1BR|MAXMIN|BOUNDARY,OTHER  LANES,W_S,>EQ  10-Y/R,LOW  SPEED,PEDESTRIAN,RL  0,acts-4,Y,778,136,140.473667,0.04184500000000002
L1BR|MAXMIN|BOUNDARY,OTHER  LANES,W_S,>EQ  10-Y/R,LOW  SPEED,PEDESTRIAN,RL  0,acts-4,Y,778,111,135.468667,0.006159999999999943
L1BR|MAXMIN|BOUNDARY,OTHER  LANES,W_S,>EQ  10-Y/R,LOW  SPEED,PEDESTRIAN,RL  0,acts-4,Y,778,111,136.469667,0
L1BR|MAXMIN|BOUNDARY,OTHER  LANES,W_S,>EQ  10-Y/R,LOW  SPEED,PEDESTRIAN,RL  0,acts-4,Y,778,136,141.474667,0.046169000000000016
L1BR|MAXMIN|BOUNDARY,OTHER  LANES,W_S,>EQ  10-Y/R,LOW  SPEED,PEDESTRIAN,RL  0,acts-4,Y,778,220,232.7325,0.046429000000000054
L1BR|MAXMIN|BOUNDARY,OTHER  LANES,W_S,>EQ  10-Y/R,LOW  SPEED,PEDESTRIAN,  RL  <EQ  2,acts-4,Y,778,44,35.869167,0.395781
L1BR|MAXMIN|BOUNDARY,OTHER  LANES,W_S,>EQ  10-Y/R,LOW  SPEED,PEDESTRIAN,  RL  <EQ  2,acts-4,Y,778,55,54.888167,0.08417999999999992
L1BR|MAXMIN|BOUNDARY,OTHER  LANES,W_S,>EQ  10-Y/R,LOW  SPEED,PEDESTRIAN,  RL  >  2,acts-4,Y,778,227,243.243,0.001926999999999901
L1BR|MAXMIN|BOUNDARY,OTHER  LANES,W_S,>EQ  10-Y/R,LOW  SPEED,PEDESTRIAN,  RL  >  2,acts-4,Y,778,227,244.244,0
L1BR|MAXMIN|BOUNDARY,OTHER  LANES,W_S,>EQ  10-Y/R,LOW  SPEED,NO  PEDESTRIAN,  RL  <EQ  2,acts-8,N,778,227,248.248,0.30253700000000006
L1BR|MAXMIN|BOUNDARY,OTHER  LANES,W_S,>EQ  10-Y/R,LOW  SPEED,NO  PEDESTRIAN,  RL  >  2,acts-8,N,778,227,245.245,0
L1BR|MAXMIN|BOUNDARY,OTHER  LANES,W_S,>EQ  10-Y/R,LOW  SPEED,NO  PEDESTRIAN,  RL  >  2,acts-8,N,778,227,246.246,0.0
L1BR|MAXMIN|BOUNDARY,OTHER  LANES,W_S,>EQ  10-Y/R,LOW  SPEED,NO  PEDESTRIAN,  RL  >  2,acts-8,N,778,227,247.247,0.04905700000000002
L1BR|MAXMIN|BOUNDARY,OTHER  LANES,W_S,>EQ  10-Y/R,MEDIUM  SPEED,PEDESTRIAN,RL  0,acts-4,Y,778,220,229.7295,0.012228000000000017
L1BR|MAXMIN|BOUNDARY,OTHER  LANES,W_S,>EQ  10-Y/R,MEDIUM  SPEED,PEDESTRIAN,RL  0,acts-4,Y,778,220,230.7305,0.004669999999999952
L1BR|MAXMIN|BOUNDARY,OTHER  LANES,W_S,>EQ  10-Y/R,MEDIUM  SPEED,PEDESTRIAN,RL  0,acts-4,Y,778,220,231.7315,0.03076600000000007
L1BR|MAXMIN|BOUNDARY,OTHER  LANES,W_S,>EQ  10-G,LOW  SPEED,PEDESTRIAN,RL  0,acts-4,Y,778,136,139.472667,0.022206999999999977
L1BR|MAXMIN|BOUNDARY,OTHER  LANES,W_S,>EQ  10-G,LOW  SPEED,PEDESTRIAN,RL  0,acts-4,Y,778,136,140.473667,0.04184500000000002
L1BR|MAXMIN|BOUNDARY,OTHER  LANES,W_S,>EQ  10-G,LOW  SPEED,PEDESTRIAN,RL  0,acts-4,Y,778,111,135.468667,0.006159999999999943
L1BR|MAXMIN|BOUNDARY,OTHER  LANES,W_S,>EQ  10-G,LOW  SPEED,PEDESTRIAN,RL  0,acts-4,Y,778,111,136.469667,0
L1BR|MAXMIN|BOUNDARY,OTHER  LANES,W_S,>EQ  10-G,LOW  SPEED,PEDESTRIAN,RL  0,acts-4,Y,778,136,141.474667,0.046169000000000016
L1BR|MAXMIN|BOUNDARY,OTHER  LANES,W_S,>EQ  10-G,LOW  SPEED,PEDESTRIAN,RL  0,acts-4,Y,778,220,232.7325,0.046429000000000054
L1BR|MAXMIN|BOUNDARY,OTHER  LANES,W_S,>EQ  10-G,LOW  SPEED,PEDESTRIAN,  RL  <EQ  2,acts-4,Y,778,44,35.869167,0.395781
L1BR|MAXMIN|BOUNDARY,OTHER  LANES,W_S,>EQ  10-G,LOW  SPEED,PEDESTRIAN,  RL  <EQ  2,acts-4,Y,778,55,54.888167,0.08417999999999992
L1BR|MAXMIN|BOUNDARY,OTHER  LANES,W_S,>EQ  10-G,LOW  SPEED,PEDESTRIAN,  RL  >  2,acts-4,Y,778,227,243.243,0.001926999999999901
L1BR|MAXMIN|BOUNDARY,OTHER  LANES,W_S,>EQ  10-G,LOW  SPEED,PEDESTRIAN,  RL  >  2,acts-4,Y,778,227,244.244,0
L1BR|MAXMIN|BOUNDARY,OTHER  LANES,W_S,>EQ  10-G,LOW  SPEED,NO  PEDESTRIAN,  RL  <EQ  2,acts-8,N,778,227,248.248,0.30253700000000006
L1BR|MAXMIN|BOUNDARY,OTHER  LANES,W_S,>EQ  10-G,LOW  SPEED,NO  PEDESTRIAN,  RL  >  2,acts-8,N,778,227,245.245,0
L1BR|MAXMIN|BOUNDARY,OTHER  LANES,W_S,>EQ  10-G,LOW  SPEED,NO  PEDESTRIAN,  RL  >  2,acts-8,N,778,227,246.246,0.0
L1BR|MAXMIN|BOUNDARY,OTHER  LANES,W_S,>EQ  10-G,LOW  SPEED,NO  PEDESTRIAN,  RL  >  2,acts-8,N,778,227,247.247,0.04905700000000002
L1BR|MAXMIN|BOUNDARY,OTHER  LANES,W_S,>EQ  10-G,MEDIUM  SPEED,PEDESTRIAN,RL  0,acts-4,Y,778,220,229.7295,0.012228000000000017
L1BR|MAXMIN|BOUNDARY,OTHER  LANES,W_S,>EQ  10-G,MEDIUM  SPEED,PEDESTRIAN,RL  0,acts-4,Y,778,220,230.7305,0.004669999999999952
L1BR|MAXMIN|BOUNDARY,OTHER  LANES,W_S,>EQ  10-G,MEDIUM  SPEED,PEDESTRIAN,RL  0,acts-4,Y,778,220,231.7315,0.03076600000000007
L1BR|MAXMIN|BOUNDARY,OTHER  LANES,S_W,<10-Y/R,LOW  SPEED,PEDESTRIAN,RL  0,acts-2,N,778,87,109.109,0.011021999999999976
L1BR|MAXMIN|BOUNDARY,OTHER  LANES,S_W,<10-Y/R,LOW  SPEED,PEDESTRIAN,RL  0,acts-2,N,778,87,110.11,0.011027000000000009
L1BR|MAXMIN|BOUNDARY,OTHER  LANES,S_W,<10-Y/R,LOW  SPEED,PEDESTRIAN,RL  0,acts-2,N,778,87,111.111,0.01103300000000007
L1BR|MAXMIN|BOUNDARY,OTHER  LANES,S_W,<10-Y/R,LOW  SPEED,PEDESTRIAN,RL  0,acts-2,N,778,87,112.112,0.011032000000000042
L1BR|MAXMIN|BOUNDARY,OTHER  LANES,S_W,<10-Y/R,LOW  SPEED,PEDESTRIAN,RL  0,acts-2,N,778,87,113.113,0.011040999999999968
L1BR|MAXMIN|BOUNDARY,OTHER  LANES,S_W,<10-Y/R,LOW  SPEED,PEDESTRIAN,RL  0,acts-2,N,778,87,114.114,0.011036000000000046
L1BR|MAXMIN|BOUNDARY,OTHER  LANES,S_W,<10-Y/R,LOW  SPEED,PEDESTRIAN,RL  0,acts-2,N,778,87,115.115,0.011041999999999996
L1BR|MAXMIN|BOUNDARY,OTHER  LANES,S_W,<10-Y/R,LOW  SPEED,PEDESTRIAN,RL  0,acts-2,N,778,87,116.116,0.011017999999999972
L1BR|MAXMIN|BOUNDARY,OTHER  LANES,S_W,<10-Y/R,LOW  SPEED,PEDESTRIAN,RL  0,acts-2,N,778,87,117.117,0.011044999999999972
L1BR|MAXMIN|BOUNDARY,OTHER  LANES,S_W,<10-Y/R,LOW  SPEED,NO  PEDESTRIAN,  RL  <EQ  2,acts-9,Y,778,186,208.208,0
L1BR|MAXMIN|BOUNDARY,OTHER  LANES,S_W,<10-Y/R,LOW  SPEED,NO  PEDESTRIAN,  RL  <EQ  2,acts-9,N,778,199,208.7085,0.11858000000000002
L1BR|MAXMIN|BOUNDARY,OTHER  LANES,S_W,<10-Y/R,LOW  SPEED,NO  PEDESTRIAN,  RL  <EQ  2,acts-9,Y,778,199,209.7095,0
L1BR|MAXMIN|BOUNDARY,OTHER  LANES,S_W,<10-G,LOW  SPEED,PEDESTRIAN,RL  0,acts-2,N,778,87,109.109,0.011021999999999976
L1BR|MAXMIN|BOUNDARY,OTHER  LANES,S_W,<10-G,LOW  SPEED,PEDESTRIAN,RL  0,acts-2,N,778,87,110.11,0.011027000000000009
L1BR|MAXMIN|BOUNDARY,OTHER  LANES,S_W,<10-G,LOW  SPEED,PEDESTRIAN,RL  0,acts-2,N,778,87,111.111,0.01103300000000007
L1BR|MAXMIN|BOUNDARY,OTHER  LANES,S_W,<10-G,LOW  SPEED,PEDESTRIAN,RL  0,acts-2,N,778,87,112.112,0.011032000000000042
L1BR|MAXMIN|BOUNDARY,OTHER  LANES,S_W,<10-G,LOW  SPEED,PEDESTRIAN,RL  0,acts-2,N,778,87,113.113,0.011040999999999968
L1BR|MAXMIN|BOUNDARY,OTHER  LANES,S_W,<10-G,LOW  SPEED,PEDESTRIAN,RL  0,acts-2,N,778,87,114.114,0.011036000000000046
L1BR|MAXMIN|BOUNDARY,OTHER  LANES,S_W,<10-G,LOW  SPEED,PEDESTRIAN,RL  0,acts-2,N,778,87,115.115,0.011041999999999996
L1BR|MAXMIN|BOUNDARY,OTHER  LANES,S_W,<10-G,LOW  SPEED,PEDESTRIAN,RL  0,acts-2,N,778,87,116.116,0.011017999999999972
L1BR|MAXMIN|BOUNDARY,OTHER  LANES,S_W,<10-G,LOW  SPEED,PEDESTRIAN,RL  0,acts-2,N,778,87,117.117,0.011044999999999972
L1BR|MAXMIN|BOUNDARY,OTHER  LANES,S_W,<10-G,LOW  SPEED,NO  PEDESTRIAN,  RL  <EQ  2,acts-9,Y,778,186,208.208,0
L1BR|MAXMIN|BOUNDARY,OTHER  LANES,S_W,<10-G,LOW  SPEED,NO  PEDESTRIAN,  RL  <EQ  2,acts-9,N,778,199,208.7085,0.11858000000000002
L1BR|MAXMIN|BOUNDARY,OTHER  LANES,S_W,<10-G,LOW  SPEED,NO  PEDESTRIAN,  RL  <EQ  2,acts-9,Y,778,199,209.7095,0
L1BR|MAXMIN|BOUNDARY,OTHER  LANES,S_W,>EQ  10-Y/R,LOW  SPEED,PEDESTRIAN,RL  0,acts-2,Y,778,41,73.239833,0
L1BR|MAXMIN|BOUNDARY,OTHER  LANES,S_W,>EQ  10-Y/R,LOW  SPEED,PEDESTRIAN,RL  0,acts-2,Y,778,41,74.240833,0
L1BR|MAXMIN|BOUNDARY,OTHER  LANES,S_W,>EQ  10-Y/R,LOW  SPEED,PEDESTRIAN,RL  0,acts-2,Y,778,41,75.241833,0
L1BR|MAXMIN|BOUNDARY,OTHER  LANES,S_W,>EQ  10-Y/R,LOW  SPEED,PEDESTRIAN,RL  0,acts-2,N,778,87,100.1,0.008249000000000062
L1BR|MAXMIN|BOUNDARY,OTHER  LANES,S_W,>EQ  10-Y/R,LOW  SPEED,PEDESTRIAN,RL  0,acts-2,N,778,87,101.101,0.011040999999999968
L1BR|MAXMIN|BOUNDARY,OTHER  LANES,S_W,>EQ  10-Y/R,LOW  SPEED,PEDESTRIAN,RL  0,acts-2,N,778,87,102.102,0.011044999999999972
L1BR|MAXMIN|BOUNDARY,OTHER  LANES,S_W,>EQ  10-Y/R,LOW  SPEED,PEDESTRIAN,RL  0,acts-2,N,778,87,80.08,0.010330999999999979
L1BR|MAXMIN|BOUNDARY,OTHER  LANES,S_W,>EQ  10-Y/R,LOW  SPEED,PEDESTRIAN,RL  0,acts-2,N,778,87,84.084,0
L1BR|MAXMIN|BOUNDARY,OTHER  LANES,S_W,>EQ  10-Y/R,LOW  SPEED,PEDESTRIAN,RL  0,acts-2,N,778,87,85.085,5.900000000003125e-05
L1BR|MAXMIN|BOUNDARY,OTHER  LANES,S_W,>EQ  10-Y/R,LOW  SPEED,PEDESTRIAN,RL  0,acts-2,N,778,87,86.086,0
L1BR|MAXMIN|BOUNDARY,OTHER  LANES,S_W,>EQ  10-Y/R,LOW  SPEED,PEDESTRIAN,RL  0,acts-2,N,778,87,94.094,0.01103300000000007
L1BR|MAXMIN|BOUNDARY,OTHER  LANES,S_W,>EQ  10-Y/R,LOW  SPEED,PEDESTRIAN,RL  0,acts-2,N,778,87,95.095,0.01103300000000007
L1BR|MAXMIN|BOUNDARY,OTHER  LANES,S_W,>EQ  10-Y/R,LOW  SPEED,PEDESTRIAN,RL  0,acts-2,N,778,87,96.096,0.011037999999999992
L1BR|MAXMIN|BOUNDARY,OTHER  LANES,S_W,>EQ  10-Y/R,LOW  SPEED,PEDESTRIAN,RL  0,acts-2,N,778,87,97.097,0.011044999999999972
L1BR|MAXMIN|BOUNDARY,OTHER  LANES,S_W,>EQ  10-Y/R,LOW  SPEED,PEDESTRIAN,RL  0,acts-2,N,778,87,98.098,0.011024000000000034
L1BR|MAXMIN|BOUNDARY,OTHER  LANES,S_W,>EQ  10-Y/R,LOW  SPEED,PEDESTRIAN,RL  0,acts-2,N,778,87,99.099,0.01103300000000007
L1BR|MAXMIN|BOUNDARY,OTHER  LANES,S_W,>EQ  10-Y/R,LOW  SPEED,PEDESTRIAN,  RL  <EQ  2,acts-2,Y,778,162,182.015167,0
L1BR|MAXMIN|BOUNDARY,OTHER  LANES,S_W,>EQ  10-Y/R,LOW  SPEED,PEDESTRIAN,  RL  <EQ  2,acts-2,Y,778,162,183.016167,0.011116000000000015
L1BR|MAXMIN|BOUNDARY,OTHER  LANES,S_W,>EQ  10-Y/R,LOW  SPEED,PEDESTRIAN,  RL  <EQ  2,acts-9,N,778,186,193.193,0.0
L1BR|MAXMIN|BOUNDARY,OTHER  LANES,S_W,>EQ  10-Y/R,LOW  SPEED,PEDESTRIAN,  RL  >  2,acts-9,Y,778,186,187.187,0.07262000000000002
L1BR|MAXMIN|BOUNDARY,OTHER  LANES,S_W,>EQ  10-Y/R,LOW  SPEED,PEDESTRIAN,  RL  >  2,acts-9,N,778,186,188.188,0
L1BR|MAXMIN|BOUNDARY,OTHER  LANES,S_W,>EQ  10-Y/R,LOW  SPEED,PEDESTRIAN,  RL  >  2,acts-9,N,778,186,192.192,0.0025140000000000162
L1BR|MAXMIN|BOUNDARY,OTHER  LANES,S_W,>EQ  10-Y/R,LOW  SPEED,PEDESTRIAN,  RL  >  2,acts-9,Y,778,186,195.195,0.03004699999999999
L1BR|MAXMIN|BOUNDARY,OTHER  LANES,S_W,>EQ  10-Y/R,LOW  SPEED,NO  PEDESTRIAN,RL  0,acts-2,Y,778,24,3.5035,0.0034730000000000594
L1BR|MAXMIN|BOUNDARY,OTHER  LANES,S_W,>EQ  10-Y/R,LOW  SPEED,NO  PEDESTRIAN,  RL  <EQ  2,acts-9,Y,778,24,0.5005,0.00415099999999996
L1BR|MAXMIN|BOUNDARY,OTHER  LANES,S_W,>EQ  10-Y/R,LOW  SPEED,NO  PEDESTRIAN,  RL  <EQ  2,acts-9,N,778,186,202.202,0.097242
L1BR|MAXMIN|BOUNDARY,OTHER  LANES,S_W,>EQ  10-Y/R,LOW  SPEED,NO  PEDESTRIAN,  RL  <EQ  2,acts-9,N,778,186,203.203,0.0
L1BR|MAXMIN|BOUNDARY,OTHER  LANES,S_W,>EQ  10-Y/R,LOW  SPEED,NO  PEDESTRIAN,  RL  <EQ  2,acts-9,N,778,199,202.7025,4.300000000001525e-05
L1BR|MAXMIN|BOUNDARY,OTHER  LANES,S_W,>EQ  10-Y/R,LOW  SPEED,NO  PEDESTRIAN,  RL  >  2,acts-9,N,778,186,200.2,0.05473300000000003
L1BR|MAXMIN|BOUNDARY,OTHER  LANES,S_W,>EQ  10-Y/R,LOW  SPEED,NO  PEDESTRIAN,  RL  >  2,acts-9,N,778,186,201.201,0.018066000000000026
L1BR|MAXMIN|BOUNDARY,OTHER  LANES,S_W,>EQ  10-Y/R,LOW  SPEED,NO  PEDESTRIAN,  RL  >  2,acts-9,N,778,186,204.204,0.04088599999999998
L1BR|MAXMIN|BOUNDARY,OTHER  LANES,S_W,>EQ  10-Y/R,LOW  SPEED,NO  PEDESTRIAN,  RL  >  2,acts-9,N,778,186,205.205,0.07017000000000001
L1BR|MAXMIN|BOUNDARY,OTHER  LANES,S_W,>EQ  10-Y/R,LOW  SPEED,NO  PEDESTRIAN,  RL  >  2,acts-9,N,778,186,207.207,0.0
L1BR|MAXMIN|BOUNDARY,OTHER  LANES,S_W,>EQ  10-Y/R,LOW  SPEED,NO  PEDESTRIAN,  RL  >  2,acts-9,N,778,199,201.7015,0
L1BR|MAXMIN|BOUNDARY,OTHER  LANES,S_W,>EQ  10-Y/R,LOW  SPEED,NO  PEDESTRIAN,  RL  >  2,acts-9,N,778,199,203.7035,0.0
L1BR|MAXMIN|BOUNDARY,OTHER  LANES,S_W,>EQ  10-Y/R,LOW  SPEED,NO  PEDESTRIAN,  RL  >  2,acts-9,N,778,199,204.7045,0.047205
L1BR|MAXMIN|BOUNDARY,OTHER  LANES,S_W,>EQ  10-Y/R,LOW  SPEED,NO  PEDESTRIAN,  RL  >  2,acts-9,N,778,199,205.7055,0.10277599999999998
L1BR|MAXMIN|BOUNDARY,OTHER  LANES,S_W,>EQ  10-Y/R,LOW  SPEED,NO  PEDESTRIAN,  RL  >  2,acts-9,N,778,199,206.7065,0.022550999999999988
L1BR|MAXMIN|BOUNDARY,OTHER  LANES,S_W,>EQ  10-Y/R,LOW  SPEED,NO  PEDESTRIAN,  RL  >  2,acts-9,N,778,199,207.7075,0.088727
L1BR|MAXMIN|BOUNDARY,OTHER  LANES,S_W,>EQ  10-G,LOW  SPEED,PEDESTRIAN,RL  0,acts-2,Y,778,41,73.239833,0
L1BR|MAXMIN|BOUNDARY,OTHER  LANES,S_W,>EQ  10-G,LOW  SPEED,PEDESTRIAN,RL  0,acts-2,Y,778,41,74.240833,0
L1BR|MAXMIN|BOUNDARY,OTHER  LANES,S_W,>EQ  10-G,LOW  SPEED,PEDESTRIAN,RL  0,acts-2,Y,778,41,75.241833,0
L1BR|MAXMIN|BOUNDARY,OTHER  LANES,S_W,>EQ  10-G,LOW  SPEED,PEDESTRIAN,RL  0,acts-2,N,778,87,100.1,0.008249000000000062
L1BR|MAXMIN|BOUNDARY,OTHER  LANES,S_W,>EQ  10-G,LOW  SPEED,PEDESTRIAN,RL  0,acts-2,N,778,87,101.101,0.011040999999999968
L1BR|MAXMIN|BOUNDARY,OTHER  LANES,S_W,>EQ  10-G,LOW  SPEED,PEDESTRIAN,RL  0,acts-2,N,778,87,102.102,0.011044999999999972
L1BR|MAXMIN|BOUNDARY,OTHER  LANES,S_W,>EQ  10-G,LOW  SPEED,PEDESTRIAN,RL  0,acts-2,N,778,87,80.08,0.010330999999999979
L1BR|MAXMIN|BOUNDARY,OTHER  LANES,S_W,>EQ  10-G,LOW  SPEED,PEDESTRIAN,RL  0,acts-2,N,778,87,84.084,0
L1BR|MAXMIN|BOUNDARY,OTHER  LANES,S_W,>EQ  10-G,LOW  SPEED,PEDESTRIAN,RL  0,acts-2,N,778,87,85.085,5.900000000003125e-05
L1BR|MAXMIN|BOUNDARY,OTHER  LANES,S_W,>EQ  10-G,LOW  SPEED,PEDESTRIAN,RL  0,acts-2,N,778,87,86.086,0
L1BR|MAXMIN|BOUNDARY,OTHER  LANES,S_W,>EQ  10-G,LOW  SPEED,PEDESTRIAN,RL  0,acts-2,N,778,87,94.094,0.01103300000000007
L1BR|MAXMIN|BOUNDARY,OTHER  LANES,S_W,>EQ  10-G,LOW  SPEED,PEDESTRIAN,RL  0,acts-2,N,778,87,95.095,0.01103300000000007
L1BR|MAXMIN|BOUNDARY,OTHER  LANES,S_W,>EQ  10-G,LOW  SPEED,PEDESTRIAN,RL  0,acts-2,N,778,87,96.096,0.011037999999999992
L1BR|MAXMIN|BOUNDARY,OTHER  LANES,S_W,>EQ  10-G,LOW  SPEED,PEDESTRIAN,RL  0,acts-2,N,778,87,97.097,0.011044999999999972
L1BR|MAXMIN|BOUNDARY,OTHER  LANES,S_W,>EQ  10-G,LOW  SPEED,PEDESTRIAN,RL  0,acts-2,N,778,87,98.098,0.011024000000000034
L1BR|MAXMIN|BOUNDARY,OTHER  LANES,S_W,>EQ  10-G,LOW  SPEED,PEDESTRIAN,RL  0,acts-2,N,778,87,99.099,0.01103300000000007
L1BR|MAXMIN|BOUNDARY,OTHER  LANES,S_W,>EQ  10-G,LOW  SPEED,PEDESTRIAN,  RL  <EQ  2,acts-2,Y,778,162,182.015167,0
L1BR|MAXMIN|BOUNDARY,OTHER  LANES,S_W,>EQ  10-G,LOW  SPEED,PEDESTRIAN,  RL  <EQ  2,acts-2,Y,778,162,183.016167,0.011116000000000015
L1BR|MAXMIN|BOUNDARY,OTHER  LANES,S_W,>EQ  10-G,LOW  SPEED,PEDESTRIAN,  RL  <EQ  2,acts-9,N,778,186,193.193,0.0
L1BR|MAXMIN|BOUNDARY,OTHER  LANES,S_W,>EQ  10-G,LOW  SPEED,PEDESTRIAN,  RL  >  2,acts-9,Y,778,186,187.187,0.07262000000000002
L1BR|MAXMIN|BOUNDARY,OTHER  LANES,S_W,>EQ  10-G,LOW  SPEED,PEDESTRIAN,  RL  >  2,acts-9,N,778,186,188.188,0
L1BR|MAXMIN|BOUNDARY,OTHER  LANES,S_W,>EQ  10-G,LOW  SPEED,PEDESTRIAN,  RL  >  2,acts-9,N,778,186,192.192,0.0025140000000000162
L1BR|MAXMIN|BOUNDARY,OTHER  LANES,S_W,>EQ  10-G,LOW  SPEED,PEDESTRIAN,  RL  >  2,acts-9,Y,778,186,195.195,0.03004699999999999
L1BR|MAXMIN|BOUNDARY,OTHER  LANES,S_W,>EQ  10-G,LOW  SPEED,NO  PEDESTRIAN,RL  0,acts-2,Y,778,24,3.5035,0.0034730000000000594
L1BR|MAXMIN|BOUNDARY,OTHER  LANES,S_W,>EQ  10-G,LOW  SPEED,NO  PEDESTRIAN,  RL  <EQ  2,acts-9,Y,778,24,0.5005,0.00415099999999996
L1BR|MAXMIN|BOUNDARY,OTHER  LANES,S_W,>EQ  10-G,LOW  SPEED,NO  PEDESTRIAN,  RL  <EQ  2,acts-9,N,778,186,202.202,0.097242
L1BR|MAXMIN|BOUNDARY,OTHER  LANES,S_W,>EQ  10-G,LOW  SPEED,NO  PEDESTRIAN,  RL  <EQ  2,acts-9,N,778,186,203.203,0.0
L1BR|MAXMIN|BOUNDARY,OTHER  LANES,S_W,>EQ  10-G,LOW  SPEED,NO  PEDESTRIAN,  RL  <EQ  2,acts-9,N,778,199,202.7025,4.300000000001525e-05
L1BR|MAXMIN|BOUNDARY,OTHER  LANES,S_W,>EQ  10-G,LOW  SPEED,NO  PEDESTRIAN,  RL  >  2,acts-9,N,778,186,200.2,0.05473300000000003
L1BR|MAXMIN|BOUNDARY,OTHER  LANES,S_W,>EQ  10-G,LOW  SPEED,NO  PEDESTRIAN,  RL  >  2,acts-9,N,778,186,201.201,0.018066000000000026
L1BR|MAXMIN|BOUNDARY,OTHER  LANES,S_W,>EQ  10-G,LOW  SPEED,NO  PEDESTRIAN,  RL  >  2,acts-9,N,778,186,204.204,0.04088599999999998
L1BR|MAXMIN|BOUNDARY,OTHER  LANES,S_W,>EQ  10-G,LOW  SPEED,NO  PEDESTRIAN,  RL  >  2,acts-9,N,778,186,205.205,0.07017000000000001
L1BR|MAXMIN|BOUNDARY,OTHER  LANES,S_W,>EQ  10-G,LOW  SPEED,NO  PEDESTRIAN,  RL  >  2,acts-9,N,778,186,207.207,0.0
L1BR|MAXMIN|BOUNDARY,OTHER  LANES,S_W,>EQ  10-G,LOW  SPEED,NO  PEDESTRIAN,  RL  >  2,acts-9,N,778,199,201.7015,0
L1BR|MAXMIN|BOUNDARY,OTHER  LANES,S_W,>EQ  10-G,LOW  SPEED,NO  PEDESTRIAN,  RL  >  2,acts-9,N,778,199,203.7035,0.0
L1BR|MAXMIN|BOUNDARY,OTHER  LANES,S_W,>EQ  10-G,LOW  SPEED,NO  PEDESTRIAN,  RL  >  2,acts-9,N,778,199,204.7045,0.047205
L1BR|MAXMIN|BOUNDARY,OTHER  LANES,S_W,>EQ  10-G,LOW  SPEED,NO  PEDESTRIAN,  RL  >  2,acts-9,N,778,199,205.7055,0.10277599999999998
L1BR|MAXMIN|BOUNDARY,OTHER  LANES,S_W,>EQ  10-G,LOW  SPEED,NO  PEDESTRIAN,  RL  >  2,acts-9,N,778,199,206.7065,0.022550999999999988
L1BR|MAXMIN|BOUNDARY,OTHER  LANES,S_W,>EQ  10-G,LOW  SPEED,NO  PEDESTRIAN,  RL  >  2,acts-9,N,778,199,207.7075,0.088727
L1BR|MAXMIN|BOUNDARY,OTHER  LANES,N_E,>EQ  10-Y/R,LOW  SPEED,NO  PEDESTRIAN,RL  0,acts-2,Y,778,75,88.922167,0.0005999999999999339
L1BR|MAXMIN|BOUNDARY,OTHER  LANES,N_E,>EQ  10-Y/R,LOW  SPEED,NO  PEDESTRIAN,RL  0,acts-2,Y,778,75,89.923167,0
L1BR|MAXMIN|BOUNDARY,OTHER  LANES,N_E,>EQ  10-Y/R,LOW  SPEED,NO  PEDESTRIAN,RL  0,acts-2,Y,778,95,92.258833,0.010633000000000004
L1BR|MAXMIN|BOUNDARY,OTHER  LANES,N_E,>EQ  10-Y/R,LOW  SPEED,NO  PEDESTRIAN,RL  0,acts-2,Y,778,135,172.6725,0
L1BR|MAXMIN|BOUNDARY,OTHER  LANES,N_E,>EQ  10-Y/R,LOW  SPEED,NO  PEDESTRIAN,RL  0,acts-2,N,778,181,190.19,0.07485200000000003
L1BR|MAXMIN|BOUNDARY,OTHER  LANES,N_E,>EQ  10-Y/R,LOW  SPEED,NO  PEDESTRIAN,RL  0,acts-2,N,778,181,191.191,0
L1BR|MAXMIN|BOUNDARY,OTHER  LANES,N_E,>EQ  10-Y/R,LOW  SPEED,NO  PEDESTRIAN,RL  0,acts-2,Y,778,181,192.192,0.00036800000000003497
L1BR|MAXMIN|BOUNDARY,OTHER  LANES,N_E,>EQ  10-Y/R,LOW  SPEED,NO  PEDESTRIAN,RL  0,acts-2,Y,778,198,197.363833,0.006273000000000084
L1BR|MAXMIN|BOUNDARY,OTHER  LANES,N_E,>EQ  10-G,LOW  SPEED,NO  PEDESTRIAN,RL  0,acts-2,Y,778,75,88.922167,0.0005999999999999339
L1BR|MAXMIN|BOUNDARY,OTHER  LANES,N_E,>EQ  10-G,LOW  SPEED,NO  PEDESTRIAN,RL  0,acts-2,Y,778,75,89.923167,0
L1BR|MAXMIN|BOUNDARY,OTHER  LANES,N_E,>EQ  10-G,LOW  SPEED,NO  PEDESTRIAN,RL  0,acts-2,Y,778,95,92.258833,0.010633000000000004
L1BR|MAXMIN|BOUNDARY,OTHER  LANES,N_E,>EQ  10-G,LOW  SPEED,NO  PEDESTRIAN,RL  0,acts-2,Y,778,135,172.6725,0
L1BR|MAXMIN|BOUNDARY,OTHER  LANES,N_E,>EQ  10-G,LOW  SPEED,NO  PEDESTRIAN,RL  0,acts-2,N,778,181,190.19,0.07485200000000003
L1BR|MAXMIN|BOUNDARY,OTHER  LANES,N_E,>EQ  10-G,LOW  SPEED,NO  PEDESTRIAN,RL  0,acts-2,N,778,181,191.191,0
L1BR|MAXMIN|BOUNDARY,OTHER  LANES,N_E,>EQ  10-G,LOW  SPEED,NO  PEDESTRIAN,RL  0,acts-2,Y,778,181,192.192,0.00036800000000003497
L1BR|MAXMIN|BOUNDARY,OTHER  LANES,N_E,>EQ  10-G,LOW  SPEED,NO  PEDESTRIAN,RL  0,acts-2,Y,778,198,197.363833,0.006273000000000084
L1BR|MAXMIN|BOUNDARY,OTHER  LANES,W_N,<10-Y/R,LOW  SPEED,NO  PEDESTRIAN,  RL  <EQ  2,acts-9,N,778,50,55.388667,0.012160000000000004
L1BR|MAXMIN|BOUNDARY,OTHER  LANES,W_N,<10-Y/R,LOW  SPEED,NO  PEDESTRIAN,  RL  <EQ  2,acts-9,N,778,50,56.389667,1.6999999999989246e-05
L1BR|MAXMIN|BOUNDARY,OTHER  LANES,W_N,<10-Y/R,LOW  SPEED,NO  PEDESTRIAN,  RL  <EQ  2,acts-9,Y,778,168,163.830333,0.024984000000000006
L1BR|MAXMIN|BOUNDARY,OTHER  LANES,W_N,<10-Y/R,LOW  SPEED,NO  PEDESTRIAN,  RL  >  2,acts-9,N,778,50,58.391667,0.08099900000000004
L1BR|MAXMIN|BOUNDARY,OTHER  LANES,W_N,<10-Y/R,LOW  SPEED,NO  PEDESTRIAN,  RL  >  2,acts-9,N,778,50,59.392667,0
L1BR|MAXMIN|BOUNDARY,OTHER  LANES,W_N,<10-Y/R,LOW  SPEED,NO  PEDESTRIAN,  RL  >  2,acts-9,Y,778,50,62.395667,0
L1BR|MAXMIN|BOUNDARY,OTHER  LANES,W_N,<10-G,LOW  SPEED,NO  PEDESTRIAN,  RL  <EQ  2,acts-9,N,778,50,55.388667,0.012160000000000004
L1BR|MAXMIN|BOUNDARY,OTHER  LANES,W_N,<10-G,LOW  SPEED,NO  PEDESTRIAN,  RL  <EQ  2,acts-9,N,778,50,56.389667,1.6999999999989246e-05
L1BR|MAXMIN|BOUNDARY,OTHER  LANES,W_N,<10-G,LOW  SPEED,NO  PEDESTRIAN,  RL  <EQ  2,acts-9,Y,778,168,163.830333,0.024984000000000006
L1BR|MAXMIN|BOUNDARY,OTHER  LANES,W_N,<10-G,LOW  SPEED,NO  PEDESTRIAN,  RL  >  2,acts-9,N,778,50,58.391667,0.08099900000000004
L1BR|MAXMIN|BOUNDARY,OTHER  LANES,W_N,<10-G,LOW  SPEED,NO  PEDESTRIAN,  RL  >  2,acts-9,N,778,50,59.392667,0
L1BR|MAXMIN|BOUNDARY,OTHER  LANES,W_N,<10-G,LOW  SPEED,NO  PEDESTRIAN,  RL  >  2,acts-9,Y,778,50,62.395667,0
L1BR|MAXMIN|BOUNDARY,OTHER  LANES,W_N,>EQ  10-Y/R,LOW  SPEED,PEDESTRIAN,RL  0,acts-2,Y,778,4,25.025,0.002063000000000037
L1BR|MAXMIN|BOUNDARY,OTHER  LANES,W_N,>EQ  10-Y/R,LOW  SPEED,PEDESTRIAN,RL  0,acts-2,Y,778,4,26.026,0.0003530000000000477
L1BR|MAXMIN|BOUNDARY,OTHER  LANES,W_N,>EQ  10-Y/R,LOW  SPEED,PEDESTRIAN,RL  0,acts-2,N,778,16,28.028,0.006517999999999913
L1BR|MAXMIN|BOUNDARY,OTHER  LANES,W_N,>EQ  10-Y/R,LOW  SPEED,PEDESTRIAN,RL  0,acts-2,Y,778,165,225.558667,0.0028320000000000567
L1BR|MAXMIN|BOUNDARY,OTHER  LANES,W_N,>EQ  10-Y/R,LOW  SPEED,PEDESTRIAN,RL  0,acts-2,Y,778,165,226.559667,0.007441999999999949
L1BR|MAXMIN|BOUNDARY,OTHER  LANES,W_N,>EQ  10-Y/R,LOW  SPEED,PEDESTRIAN,  RL  <EQ  2,acts-2,Y,778,126,135.969167,0.040856
L1BR|MAXMIN|BOUNDARY,OTHER  LANES,W_N,>EQ  10-Y/R,LOW  SPEED,PEDESTRIAN,  RL  <EQ  2,acts-9,Y,778,133,137.303833,0.0
L1BR|MAXMIN|BOUNDARY,OTHER  LANES,W_N,>EQ  10-Y/R,LOW  SPEED,PEDESTRIAN,  RL  <EQ  2,acts-9,Y,778,133,138.304833,0.0007230000000000292
L1BR|MAXMIN|BOUNDARY,OTHER  LANES,W_N,>EQ  10-Y/R,LOW  SPEED,PEDESTRIAN,  RL  >  2,acts-2,N,778,48,39.5395,0
L1BR|MAXMIN|BOUNDARY,OTHER  LANES,W_N,>EQ  10-Y/R,LOW  SPEED,PEDESTRIAN,  RL  >  2,acts-2,N,778,48,41.5415,0
L1BR|MAXMIN|BOUNDARY,OTHER  LANES,W_N,>EQ  10-Y/R,LOW  SPEED,PEDESTRIAN,  RL  >  2,acts-9,N,778,50,35.368667,0.0
L1BR|MAXMIN|BOUNDARY,OTHER  LANES,W_N,>EQ  10-Y/R,LOW  SPEED,PEDESTRIAN,  RL  >  2,acts-9,Y,778,50,41.374667,0.0
L1BR|MAXMIN|BOUNDARY,OTHER  LANES,W_N,>EQ  10-Y/R,LOW  SPEED,PEDESTRIAN,  RL  >  2,acts-9,N,778,50,49.382667,0.013125999999999971
L1BR|MAXMIN|BOUNDARY,OTHER  LANES,W_N,>EQ  10-Y/R,LOW  SPEED,PEDESTRIAN,  RL  >  2,acts-9,N,778,133,135.301833,0
L1BR|MAXMIN|BOUNDARY,OTHER  LANES,W_N,>EQ  10-Y/R,LOW  SPEED,PEDESTRIAN,  RL  >  2,acts-9,Y,778,133,136.302833,0.0042300000000000115
L1BR|MAXMIN|BOUNDARY,OTHER  LANES,W_N,>EQ  10-Y/R,LOW  SPEED,NO  PEDESTRIAN,RL  0,acts-2,Y,778,133,139.305833,0.004481999999999986
L1BR|MAXMIN|BOUNDARY,OTHER  LANES,W_N,>EQ  10-Y/R,LOW  SPEED,NO  PEDESTRIAN,RL  0,acts-2,Y,778,143,144.811333,0
L1BR|MAXMIN|BOUNDARY,OTHER  LANES,W_N,>EQ  10-Y/R,LOW  SPEED,NO  PEDESTRIAN,  RL  >  2,acts-9,N,778,50,53.386667,0.01785199999999998
L1BR|MAXMIN|BOUNDARY,OTHER  LANES,W_N,>EQ  10-Y/R,LOW  SPEED,NO  PEDESTRIAN,  RL  >  2,acts-9,N,778,50,54.387667,0.020814
L1BR|MAXMIN|BOUNDARY,OTHER  LANES,W_N,>EQ  10-G,LOW  SPEED,PEDESTRIAN,RL  0,acts-2,Y,778,4,25.025,0.002063000000000037
L1BR|MAXMIN|BOUNDARY,OTHER  LANES,W_N,>EQ  10-G,LOW  SPEED,PEDESTRIAN,RL  0,acts-2,Y,778,4,26.026,0.0003530000000000477
L1BR|MAXMIN|BOUNDARY,OTHER  LANES,W_N,>EQ  10-G,LOW  SPEED,PEDESTRIAN,RL  0,acts-2,N,778,16,28.028,0.006517999999999913
L1BR|MAXMIN|BOUNDARY,OTHER  LANES,W_N,>EQ  10-G,LOW  SPEED,PEDESTRIAN,RL  0,acts-2,Y,778,165,225.558667,0.0028320000000000567
L1BR|MAXMIN|BOUNDARY,OTHER  LANES,W_N,>EQ  10-G,LOW  SPEED,PEDESTRIAN,RL  0,acts-2,Y,778,165,226.559667,0.007441999999999949
L1BR|MAXMIN|BOUNDARY,OTHER  LANES,W_N,>EQ  10-G,LOW  SPEED,PEDESTRIAN,  RL  <EQ  2,acts-2,Y,778,126,135.969167,0.040856
L1BR|MAXMIN|BOUNDARY,OTHER  LANES,W_N,>EQ  10-G,LOW  SPEED,PEDESTRIAN,  RL  <EQ  2,acts-9,Y,778,133,137.303833,0.0
L1BR|MAXMIN|BOUNDARY,OTHER  LANES,W_N,>EQ  10-G,LOW  SPEED,PEDESTRIAN,  RL  <EQ  2,acts-9,Y,778,133,138.304833,0.0007230000000000292
L1BR|MAXMIN|BOUNDARY,OTHER  LANES,W_N,>EQ  10-G,LOW  SPEED,PEDESTRIAN,  RL  >  2,acts-2,N,778,48,39.5395,0
L1BR|MAXMIN|BOUNDARY,OTHER  LANES,W_N,>EQ  10-G,LOW  SPEED,PEDESTRIAN,  RL  >  2,acts-2,N,778,48,41.5415,0
L1BR|MAXMIN|BOUNDARY,OTHER  LANES,W_N,>EQ  10-G,LOW  SPEED,PEDESTRIAN,  RL  >  2,acts-9,N,778,50,35.368667,0.0
L1BR|MAXMIN|BOUNDARY,OTHER  LANES,W_N,>EQ  10-G,LOW  SPEED,PEDESTRIAN,  RL  >  2,acts-9,Y,778,50,41.374667,0.0
L1BR|MAXMIN|BOUNDARY,OTHER  LANES,W_N,>EQ  10-G,LOW  SPEED,PEDESTRIAN,  RL  >  2,acts-9,N,778,50,49.382667,0.013125999999999971
L1BR|MAXMIN|BOUNDARY,OTHER  LANES,W_N,>EQ  10-G,LOW  SPEED,PEDESTRIAN,  RL  >  2,acts-9,N,778,133,135.301833,0
L1BR|MAXMIN|BOUNDARY,OTHER  LANES,W_N,>EQ  10-G,LOW  SPEED,PEDESTRIAN,  RL  >  2,acts-9,Y,778,133,136.302833,0.0042300000000000115
L1BR|MAXMIN|BOUNDARY,OTHER  LANES,W_N,>EQ  10-G,LOW  SPEED,NO  PEDESTRIAN,RL  0,acts-2,Y,778,133,139.305833,0.004481999999999986
L1BR|MAXMIN|BOUNDARY,OTHER  LANES,W_N,>EQ  10-G,LOW  SPEED,NO  PEDESTRIAN,RL  0,acts-2,Y,778,143,144.811333,0
L1BR|MAXMIN|BOUNDARY,OTHER  LANES,W_N,>EQ  10-G,LOW  SPEED,NO  PEDESTRIAN,  RL  >  2,acts-9,N,778,50,53.386667,0.01785199999999998
L1BR|MAXMIN|BOUNDARY,OTHER  LANES,W_N,>EQ  10-G,LOW  SPEED,NO  PEDESTRIAN,  RL  >  2,acts-9,N,778,50,54.387667,0.020814
L1BR|MAXMIN|BOUNDARY,OTHER  LANES,S_E,>EQ  10-Y/R,LOW  SPEED,PEDESTRIAN,RL  0,acts-4,Y,778,91,85.085,0
L1BR|MAXMIN|BOUNDARY,OTHER  LANES,S_E,>EQ  10-Y/R,LOW  SPEED,PEDESTRIAN,RL  0,acts-4,N,778,91,86.086,0.017284999999999995
L1BR|MAXMIN|BOUNDARY,OTHER  LANES,S_E,>EQ  10-Y/R,LOW  SPEED,PEDESTRIAN,  RL  <EQ  2,acts-4,Y,778,102,97.931167,0.006580999999999948
L1BR|MAXMIN|BOUNDARY,OTHER  LANES,S_E,>EQ  10-Y/R,LOW  SPEED,PEDESTRIAN,  RL  <EQ  2,acts-4,N,778,102,98.932167,0
L1BR|MAXMIN|BOUNDARY,OTHER  LANES,S_E,>EQ  10-Y/R,LOW  SPEED,PEDESTRIAN,  RL  <EQ  2,acts-4,N,778,102,99.933167,0.04570400000000008
L1BR|MAXMIN|BOUNDARY,OTHER  LANES,S_E,>EQ  10-Y/R,LOW  SPEED,PEDESTRIAN,  RL  <EQ  2,acts-4,Y,778,197,197.030167,0.02505999999999997
L1BR|MAXMIN|BOUNDARY,OTHER  LANES,S_E,>EQ  10-Y/R,LOW  SPEED,PEDESTRIAN,  RL  <EQ  2,acts-4,N,778,197,198.031167,0.0
L1BR|MAXMIN|BOUNDARY,OTHER  LANES,S_E,>EQ  10-Y/R,LOW  SPEED,NO  PEDESTRIAN,RL  0,acts-8,Y,778,83,73.907167,0
L1BR|MAXMIN|BOUNDARY,OTHER  LANES,S_E,>EQ  10-Y/R,LOW  SPEED,NO  PEDESTRIAN,RL  0,acts-8,Y,778,83,74.908167,0.01832199999999995
L1BR|MAXMIN|BOUNDARY,OTHER  LANES,S_E,>EQ  10-G,LOW  SPEED,PEDESTRIAN,RL  0,acts-4,Y,778,91,85.085,0
L1BR|MAXMIN|BOUNDARY,OTHER  LANES,S_E,>EQ  10-G,LOW  SPEED,PEDESTRIAN,RL  0,acts-4,N,778,91,86.086,0.017284999999999995
L1BR|MAXMIN|BOUNDARY,OTHER  LANES,S_E,>EQ  10-G,LOW  SPEED,PEDESTRIAN,  RL  <EQ  2,acts-4,Y,778,102,97.931167,0.006580999999999948
L1BR|MAXMIN|BOUNDARY,OTHER  LANES,S_E,>EQ  10-G,LOW  SPEED,PEDESTRIAN,  RL  <EQ  2,acts-4,N,778,102,98.932167,0
L1BR|MAXMIN|BOUNDARY,OTHER  LANES,S_E,>EQ  10-G,LOW  SPEED,PEDESTRIAN,  RL  <EQ  2,acts-4,N,778,102,99.933167,0.04570400000000008
L1BR|MAXMIN|BOUNDARY,OTHER  LANES,S_E,>EQ  10-G,LOW  SPEED,PEDESTRIAN,  RL  <EQ  2,acts-4,Y,778,197,197.030167,0.02505999999999997
L1BR|MAXMIN|BOUNDARY,OTHER  LANES,S_E,>EQ  10-G,LOW  SPEED,PEDESTRIAN,  RL  <EQ  2,acts-4,N,778,197,198.031167,0.0
L1BR|MAXMIN|BOUNDARY,OTHER  LANES,S_E,>EQ  10-G,LOW  SPEED,NO  PEDESTRIAN,RL  0,acts-8,Y,778,83,73.907167,0
L1BR|MAXMIN|BOUNDARY,OTHER  LANES,S_E,>EQ  10-G,LOW  SPEED,NO  PEDESTRIAN,RL  0,acts-8,Y,778,83,74.908167,0.01832199999999995
L1BR|MAXMIN|BOUNDARY,OTHER  LANES,E_S,<10-Y/R,MEDIUM  SPEED,NO  PEDESTRIAN,RL  0,acts-2,Y,778,73,63.5635,0.0019660000000000233
L1BR|MAXMIN|BOUNDARY,OTHER  LANES,E_S,<10-Y/R,MEDIUM  SPEED,NO  PEDESTRIAN,RL  0,acts-2,Y,778,73,64.5645,0.0021010000000000195
L1BR|MAXMIN|BOUNDARY,OTHER  LANES,E_S,<10-G,MEDIUM  SPEED,NO  PEDESTRIAN,RL  0,acts-2,Y,778,73,63.5635,0.0019660000000000233
L1BR|MAXMIN|BOUNDARY,OTHER  LANES,E_S,<10-G,MEDIUM  SPEED,NO  PEDESTRIAN,RL  0,acts-2,Y,778,73,64.5645,0.0021010000000000195
L1BR|MAXMIN|BOUNDARY,OTHER  LANES,E_S,>EQ  10-Y/R,LOW  SPEED,PEDESTRIAN,RL  0,acts-2,Y,778,20,25.025,0
L1BR|MAXMIN|BOUNDARY,OTHER  LANES,E_S,>EQ  10-Y/R,LOW  SPEED,PEDESTRIAN,RL  0,acts-2,Y,778,20,26.026,0
L1BR|MAXMIN|BOUNDARY,OTHER  LANES,E_S,>EQ  10-Y/R,LOW  SPEED,PEDESTRIAN,RL  0,acts-2,Y,778,80,125.6255,0
L1BR|MAXMIN|BOUNDARY,OTHER  LANES,E_S,>EQ  10-Y/R,LOW  SPEED,PEDESTRIAN,  RL  <EQ  2,acts-9,N,778,46,48.715333,0.072799
L1BR|MAXMIN|BOUNDARY,OTHER  LANES,E_S,>EQ  10-Y/R,LOW  SPEED,PEDESTRIAN,  RL  <EQ  2,acts-9,Y,778,46,50.717333,0.00030799999999997496
L1BR|MAXMIN|BOUNDARY,OTHER  LANES,E_S,>EQ  10-Y/R,LOW  SPEED,PEDESTRIAN,  RL  <EQ  2,acts-2,N,778,210,236.402833,0.03204299999999999
L1BR|MAXMIN|BOUNDARY,OTHER  LANES,E_S,>EQ  10-Y/R,LOW  SPEED,PEDESTRIAN,  RL  >  2,acts-9,N,778,46,41.708333,0.010643000000000014
L1BR|MAXMIN|BOUNDARY,OTHER  LANES,E_S,>EQ  10-Y/R,LOW  SPEED,PEDESTRIAN,  RL  >  2,acts-9,N,778,46,42.709333,0
L1BR|MAXMIN|BOUNDARY,OTHER  LANES,E_S,>EQ  10-Y/R,LOW  SPEED,PEDESTRIAN,  RL  >  2,acts-9,N,778,46,43.710333,0.004284999999999983
L1BR|MAXMIN|BOUNDARY,OTHER  LANES,E_S,>EQ  10-Y/R,LOW  SPEED,PEDESTRIAN,  RL  >  2,acts-9,N,778,46,44.711333,0.005139000000000005
L1BR|MAXMIN|BOUNDARY,OTHER  LANES,E_S,>EQ  10-Y/R,LOW  SPEED,PEDESTRIAN,  RL  >  2,acts-9,N,778,46,45.712333,0.060134999999999994
L1BR|MAXMIN|BOUNDARY,OTHER  LANES,E_S,>EQ  10-Y/R,LOW  SPEED,PEDESTRIAN,  RL  >  2,acts-9,N,778,46,46.713333,0.014470000000000038
L1BR|MAXMIN|BOUNDARY,OTHER  LANES,E_S,>EQ  10-Y/R,LOW  SPEED,PEDESTRIAN,  RL  >  2,acts-9,N,778,46,47.714333,0.005493999999999999
L1BR|MAXMIN|BOUNDARY,OTHER  LANES,E_S,>EQ  10-Y/R,LOW  SPEED,PEDESTRIAN,  RL  >  2,acts-2,Y,778,210,235.401833,0.00922400000000001
L1BR|MAXMIN|BOUNDARY,OTHER  LANES,E_S,>EQ  10-Y/R,LOW  SPEED,NO  PEDESTRIAN,RL  0,acts-2,Y,778,233,249.582667,0
L1BR|MAXMIN|BOUNDARY,OTHER  LANES,E_S,>EQ  10-Y/R,LOW  SPEED,NO  PEDESTRIAN,RL  0,acts-2,Y,778,233,250.583667,0.0016760000000000108
L1BR|MAXMIN|BOUNDARY,OTHER  LANES,E_S,>EQ  10-Y/R,MEDIUM  SPEED,PEDESTRIAN,  RL  >  2,acts-2,Y,778,142,144.811333,0
L1BR|MAXMIN|BOUNDARY,OTHER  LANES,E_S,>EQ  10-G,LOW  SPEED,PEDESTRIAN,RL  0,acts-2,Y,778,20,25.025,0
L1BR|MAXMIN|BOUNDARY,OTHER  LANES,E_S,>EQ  10-G,LOW  SPEED,PEDESTRIAN,RL  0,acts-2,Y,778,20,26.026,0
L1BR|MAXMIN|BOUNDARY,OTHER  LANES,E_S,>EQ  10-G,LOW  SPEED,PEDESTRIAN,RL  0,acts-2,Y,778,80,125.6255,0
L1BR|MAXMIN|BOUNDARY,OTHER  LANES,E_S,>EQ  10-G,LOW  SPEED,PEDESTRIAN,  RL  <EQ  2,acts-9,N,778,46,48.715333,0.072799
L1BR|MAXMIN|BOUNDARY,OTHER  LANES,E_S,>EQ  10-G,LOW  SPEED,PEDESTRIAN,  RL  <EQ  2,acts-9,Y,778,46,50.717333,0.00030799999999997496
L1BR|MAXMIN|BOUNDARY,OTHER  LANES,E_S,>EQ  10-G,LOW  SPEED,PEDESTRIAN,  RL  <EQ  2,acts-2,N,778,210,236.402833,0.03204299999999999
L1BR|MAXMIN|BOUNDARY,OTHER  LANES,E_S,>EQ  10-G,LOW  SPEED,PEDESTRIAN,  RL  >  2,acts-9,N,778,46,41.708333,0.010643000000000014
L1BR|MAXMIN|BOUNDARY,OTHER  LANES,E_S,>EQ  10-G,LOW  SPEED,PEDESTRIAN,  RL  >  2,acts-9,N,778,46,42.709333,0
L1BR|MAXMIN|BOUNDARY,OTHER  LANES,E_S,>EQ  10-G,LOW  SPEED,PEDESTRIAN,  RL  >  2,acts-9,N,778,46,43.710333,0.004284999999999983
L1BR|MAXMIN|BOUNDARY,OTHER  LANES,E_S,>EQ  10-G,LOW  SPEED,PEDESTRIAN,  RL  >  2,acts-9,N,778,46,44.711333,0.005139000000000005
L1BR|MAXMIN|BOUNDARY,OTHER  LANES,E_S,>EQ  10-G,LOW  SPEED,PEDESTRIAN,  RL  >  2,acts-9,N,778,46,45.712333,0.060134999999999994
L1BR|MAXMIN|BOUNDARY,OTHER  LANES,E_S,>EQ  10-G,LOW  SPEED,PEDESTRIAN,  RL  >  2,acts-9,N,778,46,46.713333,0.014470000000000038
L1BR|MAXMIN|BOUNDARY,OTHER  LANES,E_S,>EQ  10-G,LOW  SPEED,PEDESTRIAN,  RL  >  2,acts-9,N,778,46,47.714333,0.005493999999999999
L1BR|MAXMIN|BOUNDARY,OTHER  LANES,E_S,>EQ  10-G,LOW  SPEED,PEDESTRIAN,  RL  >  2,acts-2,Y,778,210,235.401833,0.00922400000000001
L1BR|MAXMIN|BOUNDARY,OTHER  LANES,E_S,>EQ  10-G,LOW  SPEED,NO  PEDESTRIAN,RL  0,acts-2,Y,778,233,249.582667,0
L1BR|MAXMIN|BOUNDARY,OTHER  LANES,E_S,>EQ  10-G,LOW  SPEED,NO  PEDESTRIAN,RL  0,acts-2,Y,778,233,250.583667,0.0016760000000000108
L1BR|MAXMIN|BOUNDARY,OTHER  LANES,E_S,>EQ  10-G,MEDIUM  SPEED,PEDESTRIAN,  RL  >  2,acts-2,Y,778,142,144.811333,0
L1BR|MAXMIN|BOUNDARY,prep-right-turn,W_S,<10-Y/R,LOW  SPEED,PEDESTRIAN,  RL  >  2,acts-10,Y,778,55,55.889167,0
L1BR|MAXMIN|BOUNDARY,prep-right-turn,W_S,<10-Y/R,LOW  SPEED,NO  PEDESTRIAN,RL  0,acts-2,N,778,248,265.932333,0.03089299999999995
L1BR|MAXMIN|BOUNDARY,prep-right-turn,W_S,<10-G,LOW  SPEED,PEDESTRIAN,  RL  >  2,acts-10,Y,778,55,55.889167,0
L1BR|MAXMIN|BOUNDARY,prep-right-turn,W_S,>EQ  10-Y/R,LOW  SPEED,PEDESTRIAN,RL  0,acts-4,Y,778,111,137.470667,0
L1BR|MAXMIN|BOUNDARY,prep-right-turn,W_S,>EQ  10-Y/R,LOW  SPEED,PEDESTRIAN,RL  0,acts-4,Y,778,111,138.471667,0
L1BR|MAXMIN|BOUNDARY,prep-right-turn,W_S,>EQ  10-Y/R,LOW  SPEED,PEDESTRIAN,RL  0,acts-4,N,778,220,233.7335,0.03533699999999995
L1BR|MAXMIN|BOUNDARY,prep-right-turn,W_S,>EQ  10-Y/R,LOW  SPEED,PEDESTRIAN,  RL  <EQ  2,acts-10,Y,778,44,36.870167,0.0006800000000000139
L1BR|MAXMIN|BOUNDARY,prep-right-turn,W_S,>EQ  10-Y/R,LOW  SPEED,PEDESTRIAN,  RL  <EQ  2,acts-4,Y,778,53,53.720333,0.006472999999999951
L1BR|MAXMIN|BOUNDARY,prep-right-turn,W_S,>EQ  10-Y/R,LOW  SPEED,NO  PEDESTRIAN,  RL  <EQ  2,acts-2,Y,778,227,249.249,0
L1BR|MAXMIN|BOUNDARY,prep-right-turn,W_S,>EQ  10-Y/R,LOW  SPEED,NO  PEDESTRIAN,  RL  <EQ  2,acts-2,Y,778,227,250.25,0
L1BR|MAXMIN|BOUNDARY,prep-right-turn,W_S,>EQ  10-Y/R,LOW  SPEED,NO  PEDESTRIAN,  RL  <EQ  2,acts-2,Y,778,227,251.251,0
L1BR|MAXMIN|BOUNDARY,prep-right-turn,W_S,>EQ  10-G,LOW  SPEED,PEDESTRIAN,RL  0,acts-4,Y,778,111,137.470667,0
L1BR|MAXMIN|BOUNDARY,prep-right-turn,W_S,>EQ  10-G,LOW  SPEED,PEDESTRIAN,RL  0,acts-4,Y,778,111,138.471667,0
L1BR|MAXMIN|BOUNDARY,prep-right-turn,W_S,>EQ  10-G,LOW  SPEED,PEDESTRIAN,RL  0,acts-4,N,778,220,233.7335,0.03533699999999995
L1BR|MAXMIN|BOUNDARY,prep-right-turn,W_S,>EQ  10-G,LOW  SPEED,PEDESTRIAN,  RL  <EQ  2,acts-10,Y,778,44,36.870167,0.0006800000000000139
L1BR|MAXMIN|BOUNDARY,prep-right-turn,W_S,>EQ  10-G,LOW  SPEED,PEDESTRIAN,  RL  <EQ  2,acts-4,Y,778,53,53.720333,0.006472999999999951
L1BR|MAXMIN|BOUNDARY,prep-right-turn,W_S,>EQ  10-G,LOW  SPEED,NO  PEDESTRIAN,  RL  <EQ  2,acts-2,Y,778,227,249.249,0
L1BR|MAXMIN|BOUNDARY,prep-right-turn,W_S,>EQ  10-G,LOW  SPEED,NO  PEDESTRIAN,  RL  <EQ  2,acts-2,Y,778,227,250.25,0
L1BR|MAXMIN|BOUNDARY,prep-right-turn,W_S,>EQ  10-G,LOW  SPEED,NO  PEDESTRIAN,  RL  <EQ  2,acts-2,Y,778,227,251.251,0
L1BR|MAXMIN|BOUNDARY,prep-right-turn,S_E,>EQ  10-Y/R,LOW  SPEED,PEDESTRIAN,RL  0,acts-4,Y,778,91,87.087,0.032582
L1BR|MAXMIN|BOUNDARY,prep-right-turn,S_E,>EQ  10-Y/R,LOW  SPEED,PEDESTRIAN,  RL  <EQ  2,acts-4,N,778,91,88.088,0.420414
L1BR|MAXMIN|BOUNDARY,prep-right-turn,S_E,>EQ  10-Y/R,LOW  SPEED,PEDESTRIAN,  RL  <EQ  2,acts-4,N,778,197,199.032167,0.164673
L1BR|MAXMIN|BOUNDARY,prep-right-turn,S_E,>EQ  10-Y/R,LOW  SPEED,PEDESTRIAN,  RL  <EQ  2,acts-10,N,778,92,89.923167,0
L1BR|MAXMIN|BOUNDARY,prep-right-turn,S_E,>EQ  10-Y/R,LOW  SPEED,PEDESTRIAN,  RL  <EQ  2,acts-10,N,778,92,90.924167,0
L1BR|MAXMIN|BOUNDARY,prep-right-turn,S_E,>EQ  10-Y/R,LOW  SPEED,NO  PEDESTRIAN,RL  0,acts-2,N,778,83,75.909167,0.03164699999999998
L1BR|MAXMIN|BOUNDARY,prep-right-turn,S_E,>EQ  10-Y/R,LOW  SPEED,NO  PEDESTRIAN,RL  0,acts-2,N,778,83,76.910167,0.004054000000000002
L1BR|MAXMIN|BOUNDARY,prep-right-turn,S_E,>EQ  10-G,LOW  SPEED,PEDESTRIAN,RL  0,acts-4,Y,778,91,87.087,0.032582
L1BR|MAXMIN|BOUNDARY,prep-right-turn,S_E,>EQ  10-G,LOW  SPEED,PEDESTRIAN,  RL  <EQ  2,acts-4,N,778,91,88.088,0.420414
L1BR|MAXMIN|BOUNDARY,prep-right-turn,S_E,>EQ  10-G,LOW  SPEED,PEDESTRIAN,  RL  <EQ  2,acts-4,N,778,197,199.032167,0.164673
L1BR|MAXMIN|BOUNDARY,prep-right-turn,S_E,>EQ  10-G,LOW  SPEED,PEDESTRIAN,  RL  <EQ  2,acts-10,N,778,92,89.923167,0
L1BR|MAXMIN|BOUNDARY,prep-right-turn,S_E,>EQ  10-G,LOW  SPEED,PEDESTRIAN,  RL  <EQ  2,acts-10,N,778,92,90.924167,0
L1BR|MAXMIN|BOUNDARY,prep-right-turn,S_E,>EQ  10-G,LOW  SPEED,NO  PEDESTRIAN,RL  0,acts-2,N,778,83,75.909167,0.03164699999999998
L1BR|MAXMIN|BOUNDARY,prep-right-turn,S_E,>EQ  10-G,LOW  SPEED,NO  PEDESTRIAN,RL  0,acts-2,N,778,83,76.910167,0.004054000000000002
L1BR|MAXMIN|BOUNDARY,exec-right-turn,W_S,<10-Y/R,LOW  SPEED,PEDESTRIAN,RL  0,acts-2,Y,778,136,163.496667,0.0005129999999999857
L1BR|MAXMIN|BOUNDARY,exec-right-turn,W_S,<10-Y/R,LOW  SPEED,PEDESTRIAN,RL  0,acts-2,Y,778,136,164.497667,0.0010270000000000001
L1BR|MAXMIN|BOUNDARY,exec-right-turn,W_S,<10-Y/R,LOW  SPEED,PEDESTRIAN,RL  0,acts-2,Y,778,150,166.6665,0
L1BR|MAXMIN|BOUNDARY,exec-right-turn,W_S,<10-Y/R,LOW  SPEED,PEDESTRIAN,  RL  <EQ  2,acts-2,Y,778,53,55.722333,0
L1BR|MAXMIN|BOUNDARY,exec-right-turn,W_S,<10-Y/R,LOW  SPEED,NO  PEDESTRIAN,RL  0,acts-2,N,778,248,266.933333,0.01468400000000003
L1BR|MAXMIN|BOUNDARY,exec-right-turn,W_S,<10-Y/R,LOW  SPEED,NO  PEDESTRIAN,RL  0,acts-2,N,778,248,267.934333,0.001406999999999936
L1BR|MAXMIN|BOUNDARY,exec-right-turn,W_S,<10-G,LOW  SPEED,PEDESTRIAN,RL  0,acts-2,Y,778,136,163.496667,0.0005129999999999857
L1BR|MAXMIN|BOUNDARY,exec-right-turn,W_S,<10-G,LOW  SPEED,PEDESTRIAN,RL  0,acts-2,Y,778,136,164.497667,0.0010270000000000001
L1BR|MAXMIN|BOUNDARY,exec-right-turn,W_S,<10-G,LOW  SPEED,PEDESTRIAN,  RL  <EQ  2,acts-2,Y,778,53,55.722333,0
L1BR|MAXMIN|BOUNDARY,exec-right-turn,W_S,>EQ  10-Y/R,LOW  SPEED,PEDESTRIAN,RL  0,acts-2,Y,778,43,37.203833,0.001871000000000067
L1BR|MAXMIN|BOUNDARY,exec-right-turn,W_S,>EQ  10-Y/R,LOW  SPEED,PEDESTRIAN,RL  0,acts-2,N,778,44,39.873167,0.0
L1BR|MAXMIN|BOUNDARY,exec-right-turn,W_S,>EQ  10-Y/R,LOW  SPEED,PEDESTRIAN,RL  0,acts-2,N,778,51,43.710333,0.0014009999999999856
L1BR|MAXMIN|BOUNDARY,exec-right-turn,W_S,>EQ  10-Y/R,LOW  SPEED,PEDESTRIAN,RL  0,acts-2,Y,778,111,139.472667,0.00016799999999994597
L1BR|MAXMIN|BOUNDARY,exec-right-turn,W_S,>EQ  10-Y/R,LOW  SPEED,PEDESTRIAN,RL  0,acts-2,N,778,111,140.473667,0.0022799999999999487
L1BR|MAXMIN|BOUNDARY,exec-right-turn,W_S,>EQ  10-Y/R,LOW  SPEED,PEDESTRIAN,RL  0,acts-2,Y,778,220,234.7345,0
L1BR|MAXMIN|BOUNDARY,exec-right-turn,W_S,>EQ  10-Y/R,LOW  SPEED,PEDESTRIAN,  RL  <EQ  2,acts-2,Y,778,43,35.201833,0
L1BR|MAXMIN|BOUNDARY,exec-right-turn,W_S,>EQ  10-Y/R,LOW  SPEED,PEDESTRIAN,  RL  <EQ  2,acts-2,Y,778,43,36.202833,0
L1BR|MAXMIN|BOUNDARY,exec-right-turn,W_S,>EQ  10-Y/R,LOW  SPEED,PEDESTRIAN,  RL  <EQ  2,acts-2,Y,778,53,54.721333,0
L1BR|MAXMIN|BOUNDARY,exec-right-turn,W_S,>EQ  10-Y/R,LOW  SPEED,NO  PEDESTRIAN,RL  0,acts-2,N,778,227,253.253,0.0007670000000000732
L1BR|MAXMIN|BOUNDARY,exec-right-turn,W_S,>EQ  10-G,LOW  SPEED,PEDESTRIAN,RL  0,acts-2,Y,778,43,37.203833,0.001871000000000067
L1BR|MAXMIN|BOUNDARY,exec-right-turn,W_S,>EQ  10-G,LOW  SPEED,PEDESTRIAN,RL  0,acts-2,N,778,44,39.873167,0.0
L1BR|MAXMIN|BOUNDARY,exec-right-turn,W_S,>EQ  10-G,LOW  SPEED,PEDESTRIAN,RL  0,acts-2,N,778,51,43.710333,0.0014009999999999856
L1BR|MAXMIN|BOUNDARY,exec-right-turn,W_S,>EQ  10-G,LOW  SPEED,PEDESTRIAN,RL  0,acts-2,Y,778,111,139.472667,0.00016799999999994597
L1BR|MAXMIN|BOUNDARY,exec-right-turn,W_S,>EQ  10-G,LOW  SPEED,PEDESTRIAN,RL  0,acts-2,N,778,111,140.473667,0.0022799999999999487
L1BR|MAXMIN|BOUNDARY,exec-right-turn,W_S,>EQ  10-G,LOW  SPEED,PEDESTRIAN,RL  0,acts-2,Y,778,220,234.7345,0
L1BR|MAXMIN|BOUNDARY,exec-right-turn,W_S,>EQ  10-G,LOW  SPEED,PEDESTRIAN,  RL  <EQ  2,acts-2,Y,778,43,35.201833,0
L1BR|MAXMIN|BOUNDARY,exec-right-turn,W_S,>EQ  10-G,LOW  SPEED,PEDESTRIAN,  RL  <EQ  2,acts-2,Y,778,43,36.202833,0
L1BR|MAXMIN|BOUNDARY,exec-right-turn,W_S,>EQ  10-G,LOW  SPEED,PEDESTRIAN,  RL  <EQ  2,acts-2,Y,778,53,54.721333,0
L1BR|MAXMIN|BOUNDARY,exec-right-turn,W_S,>EQ  10-G,LOW  SPEED,NO  PEDESTRIAN,RL  0,acts-2,N,778,227,253.253,0.0007670000000000732
L1BR|MAXMIN|BOUNDARY,exec-right-turn,S_E,>EQ  10-Y/R,LOW  SPEED,PEDESTRIAN,RL  0,acts-2,Y,778,91,91.091,0
L1BR|MAXMIN|BOUNDARY,exec-right-turn,S_E,>EQ  10-Y/R,LOW  SPEED,PEDESTRIAN,RL  0,acts-2,Y,778,102,103.937167,9.300000000000974e-05
L1BR|MAXMIN|BOUNDARY,exec-right-turn,S_E,>EQ  10-Y/R,LOW  SPEED,PEDESTRIAN,  RL  <EQ  2,acts-2,Y,778,197,200.033167,0.0033640000000000336
L1BR|MAXMIN|BOUNDARY,exec-right-turn,S_E,>EQ  10-Y/R,LOW  SPEED,NO  PEDESTRIAN,RL  0,acts-2,Y,778,83,77.911167,0.010194999999999954
L1BR|MAXMIN|BOUNDARY,exec-right-turn,S_E,>EQ  10-Y/R,LOW  SPEED,NO  PEDESTRIAN,RL  0,acts-2,Y,778,83,78.912167,0
L1BR|MAXMIN|BOUNDARY,exec-right-turn,S_E,>EQ  10-Y/R,MEDIUM  SPEED,PEDESTRIAN,RL  0,acts-2,Y,778,193,196.029167,0
L1BR|MAXMIN|BOUNDARY,exec-right-turn,S_E,>EQ  10-Y/R,MEDIUM  SPEED,PEDESTRIAN,RL  0,acts-2,Y,778,197,201.034167,0
L1BR|MAXMIN|BOUNDARY,exec-right-turn,S_E,>EQ  10-Y/R,MEDIUM  SPEED,NO  PEDESTRIAN,RL  0,acts-2,Y,778,180,188.6885,0
L1BR|MAXMIN|BOUNDARY,exec-right-turn,S_E,>EQ  10-G,LOW  SPEED,PEDESTRIAN,RL  0,acts-2,Y,778,91,91.091,0
L1BR|MAXMIN|BOUNDARY,exec-right-turn,S_E,>EQ  10-G,LOW  SPEED,PEDESTRIAN,RL  0,acts-2,Y,778,102,103.937167,9.300000000000974e-05
L1BR|MAXMIN|BOUNDARY,exec-right-turn,S_E,>EQ  10-G,LOW  SPEED,PEDESTRIAN,  RL  <EQ  2,acts-2,Y,778,197,200.033167,0.0033640000000000336
L1BR|MAXMIN|BOUNDARY,exec-right-turn,S_E,>EQ  10-G,LOW  SPEED,NO  PEDESTRIAN,RL  0,acts-2,Y,778,83,77.911167,0.010194999999999954
L1BR|MAXMIN|BOUNDARY,exec-right-turn,S_E,>EQ  10-G,LOW  SPEED,NO  PEDESTRIAN,RL  0,acts-2,Y,778,83,78.912167,0
L1BR|MAXMIN|BOUNDARY,exec-right-turn,S_E,>EQ  10-G,MEDIUM  SPEED,PEDESTRIAN,RL  0,acts-2,Y,778,193,196.029167,0
L1BR|MAXMIN|BOUNDARY,exec-right-turn,S_E,>EQ  10-G,MEDIUM  SPEED,PEDESTRIAN,RL  0,acts-2,Y,778,197,201.034167,0
L1BR|MAXMIN|BOUNDARY,exec-right-turn,S_E,>EQ  10-G,MEDIUM  SPEED,NO  PEDESTRIAN,RL  0,acts-2,Y,778,180,188.6885,0
